     9  Title                                          E =  0.6134     kJ/mol
   3     2 1     5 1     6 1     7 1     0 0     0 0   -0.258373    0.497418   -0.000728     0X    2 -0.11460  0.00000 UNK           
   3     1 1     3 1     8 1     9 1     0 0     0 0   -1.686236   -0.040571   -0.077782     0X    2  0.16355  0.00000 UNK           
  16     2 1     4 1     0 0     0 0     0 0     0 0   -1.654685   -1.451215   -0.079841     0X   16 -0.54981  0.00000 UNK           
  42     3 1     0 0     0 0     0 0     0 0     0 0   -2.555226   -1.781914   -0.128422     0X   17  0.30986  0.00000 UNK           
  58     1 1     0 0     0 0     0 0     0 0     0 0   -0.277405    1.587511    0.001143     0X    8  0.03820  0.00000 UNK           
  41     1 1     0 0     0 0     0 0     0 0     0 0    0.218786    0.144577    0.914107     0X   21  0.03820  0.00000 UNK           
  41     1 1     0 0     0 0     0 0     0 0     0 0    0.312860    0.149267   -0.861881     0X   21  0.03820  0.00000 UNK           
  41     2 1     0 0     0 0     0 0     0 0     0 0   -2.255559    0.310121    0.784027     0X   21  0.03820  0.00000 UNK           
  41     2 1     0 0     0 0     0 0     0 0     0 0   -2.161430    0.314820   -0.993051     0X   21  0.03820  0.00000 UNK           
    -9  Title                                          E =   1.393     kJ/mol
    2   -1.686377   -0.043879   -0.077555     2
    4   -2.559700   -1.782950   -0.130867    17
    7    0.312861    0.142330   -0.862188    21
    8   -2.255068    0.305855    0.785149    21
    9   -2.161811    0.313494   -0.992010    21
    -9  Title                                          E =   2.173     kJ/mol
    7    0.312992    0.134577   -0.862270    21
    8   -2.254846    0.302406    0.785635    21
    9   -2.161957    0.311257   -0.991605    21
    -9  Title                                          E =   2.943     kJ/mol
    1   -0.254362    0.478299   -0.000137     2
    2   -1.686752   -0.050736   -0.077620     2
    3   -1.665125   -1.461877   -0.082549    16
    4   -2.568130   -1.785691   -0.131369    17
    5   -0.259696    1.698091    0.004821     8
    6    0.220231    0.118530    0.913330    21
    -9  Title                                          E =   3.698     kJ/mol
    1   -0.253241    0.472080   -0.000110     2
    3   -1.668390   -1.465564   -0.082568    16
    4   -2.572138   -1.787286   -0.131436    17
    6    0.220369    0.110819    0.913277    21
    7    0.313707    0.118182   -0.861747    21
    -9  Title                                          E =   4.431     kJ/mol
    1   -0.252273    0.465987    0.000238     2
    2   -1.687165   -0.057965   -0.077474     2
    3   -1.671301   -1.469365   -0.084747    16
    4   -2.575733   -1.789150   -0.133678    17
    5   -0.248380    1.772141    0.007930     8
    6    0.221021    0.101878    0.912656    21
    7    0.313430    0.112055   -0.862202    21
    8   -2.254701    0.292117    0.786117    21
    9   -2.162163    0.302316   -0.991268    21
    -9  Title                                          E =   5.142     kJ/mol
    1   -0.251307    0.459852   -0.000024     2
    2   -1.687336   -0.061690   -0.077714     2
    3   -1.674438   -1.473219   -0.083122    16
    4   -2.579562   -1.791046   -0.132052    17
    5   -0.242848    1.809159    0.006232     8
    6    0.220741    0.095649    0.913001    21
    7    0.313974    0.103293   -0.861657    21
    8   -2.254932    0.290175    0.785147    21
    9   -2.161558    0.297838   -0.992239    21
    -9  Title                                          E =   5.828     kJ/mol
    1   -0.250475    0.453834    0.000042     2
    2   -1.687494   -0.065562   -0.077641     2
    3   -1.677207   -1.477195   -0.083887    16
    4   -2.582970   -1.793206   -0.132808    17
    5   -0.237973    1.846258    0.007382     8
    6    0.221085    0.088028    0.912677    21
    7    0.313933    0.096549   -0.861861    21
    8   -2.254580    0.286383    0.785545    21
    9   -2.161584    0.294925   -0.991878    21
    -9  Title                                          E =   6.491     kJ/mol
    1   -0.249592    0.447642    0.000085     2
    2   -1.687628   -0.069401   -0.077641     2
    3   -1.680223   -1.481133   -0.084269    16
    4   -2.586675   -1.795175   -0.133218    17
    5   -0.233006    1.883157    0.008078     8
    6    0.221313    0.080544    0.912538    21
    7    0.314053    0.089354   -0.861900    21
    8   -2.254202    0.283096    0.785666    21
    9   -2.161307    0.291927   -0.991768    21
    -9  Title                                          E =   7.132     kJ/mol
    1   -0.248117    0.440339   -0.000725     2
    2   -1.688022   -0.072704   -0.072586     2
    3   -1.683992   -1.484143   -0.106259    16
    4   -2.591698   -1.795160   -0.151278    17
    5   -0.227161    1.918494    0.035575     8
    6    0.231917    0.054875    0.899312    21
    7    0.305332    0.097418   -0.875470    21
    8   -2.244533    0.264135    0.803424    21
    9   -2.170992    0.306758   -0.974422    21
    -9  Title                                          E =   7.751     kJ/mol
    1   -0.247377    0.434276   -0.000678     2
    2   -1.688098   -0.076760   -0.072451     2
    3   -1.686628   -1.488228   -0.108253    16
    4   -2.594962   -1.797449   -0.153184    17
    5   -0.223171    1.955411    0.038952     8
    6    0.232621    0.046709    0.898474    21
    7    0.305043    0.091792   -0.876245    21
    8   -2.243620    0.259546    0.804382    21
    9   -2.171075    0.304715   -0.973425    21
    -9  Title                                          E =   8.351     kJ/mol
    1   -0.246257    0.427449   -0.000895     2
    2   -1.688173   -0.080406   -0.072581     2
    3   -1.690552   -1.491957   -0.107993    16
    4   -2.599766   -1.798624   -0.152863    17
    5   -0.217662    1.991592    0.039401     8
    6    0.232814    0.039031    0.898382    21
    7    0.305409    0.083425   -0.876331    21
    8   -2.242900    0.257513    0.804120    21
    9   -2.170181    0.301990   -0.973667    21
    -9  Title                                          E =   8.933     kJ/mol
    1   -0.245326    0.420935   -0.001013     2
    2   -1.688207   -0.084299   -0.072632     2
    3   -1.693886   -1.495899   -0.108519    16
    4   -2.603861   -1.800346   -0.153335    17
    5   -0.213173    2.028050    0.040886     8
    6    0.233184    0.031386    0.898072    21
    7    0.305580    0.076206   -0.876649    21
    8   -2.242048    0.254539    0.804252    21
    9   -2.169531    0.299442   -0.973491    21
    -9  Title                                          E =   9.500     kJ/mol
    1   -0.244203    0.414005   -0.001249     2
    2   -1.688231   -0.087984   -0.072916     2
    3   -1.697932   -1.499670   -0.107253    16
    4   -2.608794   -1.801487   -0.152113    17
    5   -0.207880    2.064117    0.039912     8
    6    0.233050    0.024441    0.898497    21
    7    0.306303    0.067099   -0.876276    21
    8   -2.241477    0.253378    0.803338    21
    9   -2.168105    0.296113   -0.974370    21
    -9  Title                                          E =   10.05     kJ/mol
    1   -0.243336    0.407541   -0.001319     2
    2   -1.688211   -0.092001   -0.072954     2
    3   -1.701085   -1.503712   -0.108029    16
    4   -2.612671   -1.803391   -0.152855    17
    5   -0.204032    2.100591    0.041719     8
    6    0.233488    0.016865    0.898170    21
    7    0.306468    0.060288   -0.876649    21
    8   -2.240491    0.250167    0.803564    21
    9   -2.167397    0.293666   -0.974074    21
    -9  Title                                          E =   10.60     kJ/mol
    1   -0.242410    0.400945   -0.001471     2
    2   -1.688175   -0.095975   -0.073033     2
    3   -1.704444   -1.507714   -0.108248    16
    4   -2.616790   -1.805132   -0.153022    17
    5   -0.200065    2.136929    0.042742     8
    6    0.233838    0.009519    0.897996    21
    7    0.306764    0.052944   -0.876898    21
    8   -2.239509    0.247499    0.803537    21
    9   -2.166475    0.290998   -0.974031    21
    -9  Title                                          E =   11.13     kJ/mol
    1   -0.241393    0.394121   -0.001510     2
    2   -1.688138   -0.099848   -0.073065     2
    3   -1.708105   -1.511578   -0.109285    16
    4   -2.621274   -1.806520   -0.154044    17
    5   -0.195802    2.172988    0.044957     8
    6    0.234364    0.001342    0.897626    21
    7    0.306958    0.045847   -0.877342    21
    8   -2.238286    0.244544    0.803853    21
    9   -2.165592    0.289118   -0.973620    21
    -9  Title                                          E =   11.66     kJ/mol
    1   -0.240302    0.387118   -0.001574     2
    2   -1.688100   -0.103644   -0.073076     2
    3   -1.712027   -1.515346   -0.110440    16
    4   -2.626070   -1.807641   -0.155143    17
    5   -0.191268    2.208840    0.047371     8
    6    0.234968   -0.007148    0.897168    21
    7    0.307123    0.038602   -0.877888    21
    8   -2.236919    0.241707    0.804262    21
    9   -2.164672    0.287524   -0.973109    21
    -9  Title                                          E =   12.18     kJ/mol
    1   -0.239339    0.380377   -0.001770     2
    2   -1.688020   -0.107613   -0.073342     2
    3   -1.715605   -1.519353   -0.109127    16
    4   -2.630416   -1.809275   -0.153908    17
    5   -0.187334    2.245048    0.046130     8
    6    0.234877   -0.013483    0.897704    21
    7    0.307905    0.030081   -0.877485    21
    8   -2.236224    0.240304    0.803336    21
    9   -2.163109    0.283926   -0.973967    21
    -9  Title                                          E =   12.70     kJ/mol
    1   -0.238401    0.373681   -0.001863     2
    2   -1.687921   -0.111623   -0.073602     2
    3   -1.719055   -1.523378   -0.108271    16
    4   -2.634621   -1.810979   -0.153153    17
    5   -0.183701    2.281272    0.045498     8
    6    0.234821   -0.020038    0.898195    21
    7    0.308635    0.021923   -0.877121    21
    8   -2.235457    0.238571    0.802544    21
    9   -2.161566    0.280584   -0.974656    21
    -9  Title                                          E =   13.21     kJ/mol
    1   -0.237545    0.367158   -0.001987     2
    2   -1.687804   -0.115758   -0.073741     2
    3   -1.722181   -1.527505   -0.108097    16
    4   -2.638439   -1.812972   -0.152982    17
    5   -0.180628    2.317647    0.045862     8
    6    0.235062   -0.026787    0.898293    21
    7    0.309121    0.014607   -0.877156    21
    8   -2.234488    0.236090    0.802237    21
    9   -2.160363    0.277531   -0.974858    21

