  267    1    1    0    0    0   500000   364115   543188 351 15 12
    25.00     1.00  17.56154599  17.56154599  17.56154298
 -0.352309697999D+04 -0.232904290763D+02  0.000000000000D+00  0.000000000000D+00
  0.000000000000D+00  0.000000000000D+00  0.000000000000D+00  0.000000000000D+00
  0.000000000000D+00  0.000000000000D+00  0.000000000000D+00  0.000000000000D+00
  0.000000000000D+00  0.000000000000D+00  0.000000000000D+00  0.000000000000D+00
  0.000000000000D+00  0.000000000000D+00  0.000000000000D+00  0.000000000000D+00
  0.000000000000D+00  0.000000000000D+00  0.000000000000D+00
  0.000000000000D+00  0.000000000000D+00
  0.000000000000D+00  0.000000000000D+00  0.000000000000D+00  0.000000000000D+00
  0.000000000000D+00
   0.00000000   0.00000000   0.00000000   0.00000000   0.00000000   0.00000000
   0.00000000   0.00000000   0.00000000
 -13.09531267  -0.84008243   5.38806319   7.26441166  10.54721080   1.53399747
  10.41129890   2.10884152 -13.95438450  -4.89191290   0.22981053   5.50152511
  -0.71099028 -13.40567800 -16.24652874  14.35517297 -16.90561150  16.33641720
  -0.14781781  -3.02868657  11.12236114 -16.93978171 -15.24264170 -14.37152816
  -3.63453952 -15.75104920  -9.63558691 -10.13678992   7.25105966  -4.46707359
  -0.95593973   2.41868034  -8.35024631  -8.42911406   4.65251705   0.22960467
  12.73520477 -14.02575541   1.39100378  -5.69894222   2.70883563  14.53667432
   5.44633194   3.26549209  -3.88736923  -0.36532891  13.48195054   1.61604870
  -9.94318284 -12.05755601  -3.07989835  14.22356587   5.52004059  10.29474352
  12.37897814  -3.59222545  17.51175843   2.99439012  15.96831379  -6.13775684
   9.68861621  -4.09076895  -0.68660370  -0.47277424 -16.38805874  10.29728987
  -7.14035876  10.29607887  -7.82305579  -8.14990260   0.27130779  -8.33608139
   2.43766150 -12.91595695  12.64673191  13.49318515 -10.77931060   0.54431438
 -15.88205138  14.63050191  16.45245009 -15.57893675 -13.34848861  -2.97435046
  15.47562534  -4.48349559   8.43967691   6.37945678  -3.99880449   6.37978717
   2.10922767  -8.71011698  11.44846331 -11.09022739   3.10000710  14.58385479
  -3.01625714   0.18237221  13.92485848  14.18786307  13.96155544  -3.43748240
  12.02969175   4.03922287  -2.54453686  11.31817870 -16.88054432  10.90423533
  10.63435155  -9.40720804   1.35388378   3.99794333 -11.27542703  -6.11514166
  17.25587094 -13.62715855  -7.15135893   1.29735290   1.68976237 -14.55778625
   8.94086993   3.77897740   5.63547201  17.27955188 -16.27303035  16.75899467
  -0.16001812  17.17257282  -3.54251104   4.72946264  12.82262623  -7.08699896
 -10.01311734  -7.94718122  16.97339511  11.03963748  16.63133379  -5.92751697
  11.72584647   5.78348276 -11.13525737 -10.38419181  -4.97637924  -5.44083137
   5.87004007 -12.97277846   6.59075515  11.11520727 -14.31607703  12.12879547
 -17.15060858   6.51300727 -15.58618503   0.61970729   4.80637232   6.90932983
 -12.67808183   0.66907019   7.59270948  14.93652550 -16.73964424   0.20364664
   7.10979265  -9.77547381   5.62957026   7.76582973  15.32578882 -16.57454554
 -13.49753357 -14.97328365 -14.44136086  13.11522343  -7.29603000  -6.98294432
  -1.67388525 -14.48897178  11.08428778  -8.20939738  16.95313483 -12.38993201
  -8.86320128  -4.91600277  -7.41178496  -6.71972569 -15.97519509   4.51230500
   4.17480921 -10.35022950  -0.19111334  -9.46417065   5.38757474  -3.29644268
 -10.61447483   1.91892052  -1.93101333  11.45983675  13.26758749  -1.49986359
   6.76344206   8.35844137  -4.84000045   5.37067701  11.24678839  16.83052399
 -17.10573353  13.20483566   5.95174366  14.48814926   7.69559722 -12.87349090
   1.53472085  16.08166323  -3.63661597 -10.77860289   8.21204501  11.14010373
  -5.74049409 -12.05470291  -1.91781598   7.77024616  -6.74222327  14.15008351
  -4.99169093  14.70527868   7.20600046  -3.13474110   5.40582275  -9.42233072
 -16.43826532  -8.39007468   7.57202427  10.43968367  11.58958518  -9.58369065
   1.07968898   8.47396175  17.28791141  -4.63395805  -5.16195023 -13.68319880
   5.61003350 -14.78116641 -10.66358305   1.74776613  -4.15350159 -13.00555919
   2.25088614 -12.23151197 -15.31552606  -8.53373557  -7.90715637  11.74121191
  11.22945395  -0.74152282  -9.05696620  -2.41560237   4.89999237  16.53408376
  15.84808475  -2.10340502   0.33256832 -10.25129763   9.09800239 -13.06590646
 -12.04536996  12.57268839  -0.72922063 -12.91135071   9.14054075  -8.31148867
 -10.49602877 -16.65259011 -10.66890589  -3.50085586   8.15465303   9.51160166
   9.23480474   9.76216041  -0.50150975  13.43760763   8.04353127   3.24856062
   0.91983463  -2.57044816  11.58826230   0.33127058 -16.93882744  14.82904044
 -13.18568808   7.68141201  -4.13481011  11.63128533  -0.17142787   0.37037675
  -2.53519016  -7.78915325  10.38509564   5.33938089 -13.01341104 -15.01314969
  13.74137653   1.36502005  14.52668057  14.61242368  -5.71422708   7.30257085
  -4.29861316  -2.41151153   2.48972006 -14.79158930  13.42007422   2.90259694
   4.70057734 -14.18144728 -12.24940960  -6.38653707   6.02169658 -10.00672584
  16.78020819  13.69492015   9.77944253  -2.75914772  10.33084679  -1.64472486
 -15.81041814   4.10809184   6.27391267  17.31549752   1.89776548  14.63108544
  16.97293231  -2.33956187 -12.69721925   6.81333060  -1.02692562 -10.63888630
 -10.42153195  -2.29413345  10.36439034  17.50359177  11.05712065  10.22242539
  -7.24256526  10.10236619 -15.65821064 -14.93578947  -5.20414291   2.45582027
  -8.03472314  -8.36147963 -12.40933057  17.37271799 -14.66315788  12.68683717
   4.19582003  -5.45704362  -0.14292658  -7.62034889   4.62920386  -9.27728074
  -1.81261463  -3.54340557  14.73534823  -4.37197608  12.82139668   7.31669907
  17.18935873  -4.94945234   3.47620954  -6.35300305   5.27587176 -16.24175944
   9.62638146 -15.44665143   8.57806391  -0.70072955  15.73169167 -13.28662082
   8.06868273  -9.94807810  -2.52190916 -11.87338394 -17.06565858 -16.14668084
  -5.02697643  -6.42442917  -4.55914300  -6.87175515   2.99466163  -1.52432543
   2.55280949  -8.78439399 -13.36443784 -16.67549611  13.79499133  -4.12999571
  10.97155872  12.21129312 -15.15591821  -6.19697542 -15.64578484  -2.35918983
   5.06709027  10.04697407  -3.62199183 -10.12267707  15.20451552  12.68758424
  10.74840251   0.24457222  15.68692866  10.42816304   2.79547936 -15.11377114
   8.74584313  -6.16783358 -10.98101889   8.73931892   3.83161824  11.67395918
  -5.79165777   8.12416344 -10.47149403  14.95448961   7.80762332  17.53704492
  10.62544668   6.10138268  -9.28909636  10.40843328 -10.13620381 -13.92861435
  16.88633919  -1.12347454  -3.47374580 -16.41349763 -16.30684156 -14.00116667
   4.57931739   4.17623481  12.41477581 -12.14163321   2.09272281  15.79432646
 -15.22748503  -8.85687642 -10.80040002   1.70973088  15.61403891  11.46550329
  -2.84922055   7.64668612  -6.29089386  12.54629265   1.03139402   1.13863515
   4.06673574 -12.04052992  -8.01119378 -15.05197156   4.36648153  -9.75035153
 -14.70296702   0.11886798  -3.53571228  12.45207007  -4.95514212   1.76588503
  -1.13872233   1.03415259   8.41616119  -9.16251025 -14.15281601   6.84845395
  -5.47987907  -4.43873984  12.08816010 -17.03204293 -11.19834602   4.41174842
  16.54070294   7.69482692   4.61670403  15.26173590   9.63254373  -5.12432910
   3.40895498  -7.54544732  15.02846128   8.50933289   2.58203958  16.45138169
 -17.32769025 -10.61773268  -6.81358231   1.45479136   0.38200222  -6.03703855
 -13.37847190  -5.22104331   6.81015522  -0.62367101   4.62790383  17.32453952
   9.93766713  -0.93748708  14.44508831  -8.16768812   3.40208163  -5.91447076
  13.06487666 -10.72781608  16.70079892   1.88449172 -13.39015883  13.88055161
  -9.01695548  -5.67875076   5.90352905   3.31854804   5.97183362 -12.93087256
   9.73515408   4.26555581  16.59707876  -8.07193209  13.17604416  -8.15646059
   0.36457403 -15.43370511  -4.17731767   5.71402359  -9.36564005  -1.58947348
 -16.96269298   9.24676837  -8.04862373 -12.34537002  17.16041834  13.72043035
 -15.03420688 -15.48331345   0.85200205   9.70197643  -9.70316314   8.00230760
  14.89282085 -13.61314400 -14.24165928 -11.50076371   6.17086798   7.31988185
  -9.44520935  -9.86710796   5.15414673  -5.10460213 -17.32356480  -0.61307160
  -1.41003567  -9.76602197  -9.11976035  16.94015967  -3.36125141  -4.88509909
   0.88302489  -9.32993549  -7.25314293  -5.99151833   2.89504434  -6.15563537
 -11.31870839  13.20783311   3.13146330 -17.53181043  -8.61077722  -0.00627128
   2.25548128   1.47036130 -11.55373927  -6.88705708 -11.94141068   1.78463836
  -2.42922337  15.69816325  -5.73137009  -2.85023292  -4.53519006   8.57790874
   6.00755985  14.38964566  13.41991328   7.28997097  -8.67207640  15.89544303
  -6.80990036  17.01178525   2.26731337  16.94668060 -14.50001842   8.13349670
 -14.38632490   0.34444095 -15.19093200  -3.48598937  16.00787512  -0.34693063
  -9.12576869  -3.71310944 -14.89004200 -13.03068581  10.49898104 -12.96878104
   4.53831083  17.02903445  10.16620074  -4.79710410   4.68398811   0.11225199
  -9.20545235 -17.21181183   0.43175015 -17.08562228  -1.16971473 -13.11885556
 -13.25265519  -5.65405083  -7.15364627  -3.20303033 -15.28825395 -17.38984634
 -14.02397942   6.33317029  -2.16419913   7.41941894   8.42886596   5.58163028
   2.49815677  10.44008982   5.67217428  15.68568416   0.68982425   3.81148752
  -8.47583814 -11.45915311 -16.46906673   7.75789008  10.30393165 -11.28747325
 -15.85462714  -4.52917094  10.26832325  11.26455717   3.33543811   8.95434956
  13.84806579  13.83684956  -3.57934534  15.41508398  -0.68229714  14.37837310
  10.42378275  -0.39386643  12.23588718   5.16655766  -5.75608299   3.21650217
   5.51476918  15.90250334   1.20623730   1.17179510 -12.02814183   5.20094262
  16.26581961 -17.39973903  13.86161224 -11.13291365  -6.64081923   1.68833287
  14.06759376  -0.34201248 -17.43861881  -8.69657721 -16.20682144  -2.05813415
  -3.45141732  -7.50255313  14.18908513  -3.13802552  -9.93297939  16.62945818
   3.93222202  -3.34112764 -12.69650297  12.39643405   7.89337830  -1.08642053
 -15.60059274   1.34992509  -3.71390875  -1.47111041  -5.47582079  -5.52645137
  13.64462169 -10.72513650   8.88426065   9.47098047   1.95259004   6.44493573
   6.65366773  10.00369597  13.24133600  -3.15097654   3.19119152 -11.66901811
 -14.14212135  12.50857146 -15.77998646  -4.76752069  -9.15552772  14.32643254
  10.15322863   7.81438511  10.15343415  12.06913388   6.14561853   6.69497249
 -11.13333596 -10.87326702 -12.71023328  -1.53794677 -17.11029480   5.73171795
  -9.29553807  -9.76079069  10.09980324  14.02809080  14.23203182   3.37785866
 -11.32722476   3.44548470   1.42489672  -9.24253324   0.59430956 -16.08429061
  -2.77038418   6.53985360  -2.40081472  -0.29399627  -4.57664983 -12.03445668
 -16.31513099   4.78461921  -8.63337560   5.93306020  -7.07814342   2.58733240
  -9.80921608   4.74982576   6.41842154  -4.32684692  10.46249829 -14.98638060
  -3.35278496   4.26499983   7.95892117  -8.13106285  -3.95455430   6.49496182
   3.52619636  11.87673856 -16.23937523   3.01554547   0.84784060   9.15602305
   1.18136187   3.79578566  -8.63899349 -15.02212575  12.06151296 -17.22616828
 -16.00817301   0.51890967  -6.89180483  14.15295721  10.30751478 -16.79836073
  -5.49916627  13.40003978   6.22143541 -15.47108249  -2.81028304  12.45713008
  13.27460254 -12.01277453  17.29984641  13.93414177  12.02587792 -11.33624117
  -7.46867628  11.05378316  -4.15958940 -13.84143350  -1.19492196   4.75392125
   7.84576615  11.27181090   2.35413395   9.79661629   3.18158555 -12.99251099
  -5.23411000   0.77629919   6.25563968   0.54146239 -12.13259911 -16.31260438
  15.07071401 -15.62798619  15.52793763  -0.85274308  -2.61605771   9.98635061
 -16.31557877 -15.62771003 -14.42814694  -3.61369351 -15.27751268 -10.10327017
 -11.43544374   7.29059696  -3.68571450  -1.79786118   1.56650740  -8.57755932
  -9.68492034   4.09721615   0.93770440  13.55861303 -14.99205561   0.37738471
  -5.97875528   3.27543236  15.81352629   4.48111633   3.39909756  -2.97760123
  -1.12772687  13.43106610   0.93255059 -10.84955664 -11.37518085  -2.34192151
  14.61596589   6.82567549   9.76162061  12.25033787  -4.18017208  18.46920874
   3.42990068  15.16153698  -5.93471222   8.47263232  -5.02885120  -0.03518811
  -1.10755007 -17.43581936  11.55875565  -6.38782175  11.58377737  -8.94717703
  -8.49796549  -0.93318141  -8.78275528   3.59297848 -12.91870245  11.41402217
  14.53305402 -10.31718444   0.56366906 -15.12937926  15.52363537  16.42831026
 -16.82871278 -13.38791480  -3.38919909  15.23283565  -5.03035846   8.30323568
   7.17230304  -4.67340959   6.76977710   2.69204714  -8.73635851  11.77538810
 -10.38138160   3.65080204  14.53827615  -2.27463177   1.05158616  15.02383846
  13.73950698  12.85574928  -2.23831252  11.76410184   2.89904157  -1.82401020
  12.36595560 -18.11348271  11.84489638  10.03956297  -8.62806161   0.84982140
   4.70581312 -11.36322671  -6.04160331  17.30143440 -13.99993566  -7.62006590
   1.04291611   0.97223463 -14.89842822   8.76447653   2.97829299   6.60260166
  18.20059569 -17.24688657  15.42782287  -1.26922932  17.98598015  -3.62464285
   5.73676238  11.58394757  -6.01235934  -9.64092979  -8.12199900  16.06641019
  10.76882881  17.02922087  -5.63927945  11.72677252   4.55285497 -10.08094530
 -10.22032872  -5.95955948  -4.32933806   5.32252997 -12.24835456   7.04740819
  12.30059466 -13.71200640  13.26504087 -17.15384509   5.29360671 -15.10405807
   1.68816359   6.07619040   7.31494189 -11.53582557   1.29769632   6.94950871
  15.28605694 -17.65635421   1.41492863   7.16968483  -8.66119552   4.41788743
   8.67009993  14.34613405 -15.63429687 -12.23737004 -14.61916898 -13.63649755
  12.42811131  -6.50200194  -7.80599296  -2.12038014 -13.91565470  10.00004347
  -7.08604870  15.86663324 -11.36808984  -9.71138034  -6.22474623  -7.81771336
  -5.83048578 -15.11531258   4.76077302   3.60803511  -9.84282423   0.50680069
  -8.32308177   5.99065191  -4.59735649 -11.01462224   2.12907016  -2.92733806
  10.21831018  13.96440963  -1.20015648   7.00803239   7.66443097  -4.83311721
   4.67297404  10.29955232  16.54239042 -17.76383704  12.17074578   7.11245950
  14.99622700   6.71115044 -14.19233580   1.78019507  17.40251261  -3.96540781
 -11.69138043   8.53613598  10.88315131  -5.10650036 -13.11624207  -2.40167418
   8.24925088  -7.89668323  13.62006992  -5.21789120  13.69069862   7.39610278
  -3.43411263   6.01844447  -8.35004680 -15.70285534  -9.36614085   6.79223787
   9.67711675  11.81637937 -10.54418576   1.52244496   8.63410840  16.56228302
  -5.45494444  -4.66588732 -13.59782234   6.91912065 -16.02046873 -10.97838624
   1.53776043  -4.56078727 -13.24508246   0.98927945 -13.36385901 -16.29719556
  -7.94211677  -9.19887905  11.73708418  10.15791527   0.24935138  -9.75895477
  -2.73137991   4.05775886  17.60337498  16.37410078  -1.07440820  -0.18647367
 -11.40301284  10.35131011 -13.02902291 -11.79287757  12.14532664  -0.34235248
 -13.38712625  10.41176437  -9.48261988 -10.42515243 -16.29643949 -11.11923963
  -4.55655191   8.90127421  10.22820805   8.15589970   9.59753882  -0.51540171
  13.01934685   8.02516979   4.23677819   1.65027765  -2.46814099  11.99970838
  -0.74417059 -15.76295355  14.29056148 -13.37818875   6.41206021  -2.82652799
  10.30143221   0.28240797  -0.76491466  -2.26532342  -8.91288491  11.43410607
   4.64901574 -12.36082459 -16.32353344  14.17206430   2.21823743  13.63141156
  14.72656886  -5.40232787   7.66851018  -3.82136659  -1.22035353   2.11149938
 -15.03945910  13.69005370   3.87341674   3.65931753 -13.19146608 -13.30652456
  -6.82069812   6.67335524  -9.39163193  17.70967191  13.82386597  10.15470348
  -1.73336534  11.09342444  -1.42559760 -15.16070718   4.28562277   6.69990892
  17.73518606   1.22831726  14.95422901  17.69026923  -2.49124357 -12.38173921
   5.83735189  -1.36833855 -10.59237311 -11.03544829  -2.83637660  11.58405182
  17.09843584  10.30770423   9.84154451  -7.80500695   9.28214523 -16.57019315
 -15.90701781  -4.42668617   1.68950284  -7.63764969  -9.32617838 -11.20544893
  16.06302193 -13.80278358  11.36137748   3.76498401  -6.15960544  -0.61792339
  -7.77204139   5.83527045  -9.23893308  -1.67798989  -4.62907957  14.11755194
  -4.92306006  13.36352002   6.68558632  18.10219579  -5.44019674   3.37329020
  -7.04623449   5.28190854 -17.17951547  10.35807312 -15.91127449   7.87956688
  -0.32594802  16.68606518 -14.02112785   7.52699559 -10.49222573  -1.25933055
 -10.79402364 -16.70685408 -16.64682617  -6.25901380  -7.39098299  -5.72571390
  -6.19755599   3.57709134  -0.64060176   2.72826109  -9.40393322 -13.40296253
 -17.10776238  13.61557166  -4.50549878  11.39745277  12.67056945 -14.51191292
  -5.56427787 -15.34518640  -3.18719994   4.53841869   9.62431461  -2.41658174
  -8.89988974  15.54953778  13.16893355  10.94329858   1.13437276  15.85333519
   9.99844879   3.72042151 -15.04734782   8.92414020  -7.26278835 -11.35516095
   7.82504918   4.08234343  12.47563618  -5.37252502   7.90268159  -9.32586255
  14.34033884   8.36088297  18.65282675  11.90582994   6.93745375  -8.87971268
  10.07415509 -10.84613081 -13.39089191  16.73201348  -1.97337393  -3.35768231
 -15.98090335 -16.82671167 -13.03845269   4.11819875   3.19870900  13.41192492
 -12.09769996   3.16786425  15.25092977 -15.94157726  -9.61292307 -10.82822339
   2.09793010  15.61921312  12.29204749  -3.30037918   8.57268349  -6.07116277
  13.72850441  -0.18155827   0.07313016   3.39619700 -10.93794974  -8.08800744
 -14.54446081   3.55341293 -10.56300430 -14.30439791   1.15987243  -4.18143407
  12.40607881  -4.29196873   1.64335267  -0.56693565   0.14550649   9.51751928
  -9.66503909 -14.98578553   6.37662643  -4.31942783  -4.26850223  12.26119738
 -16.41948651 -11.02272181   5.44820756  17.07316016   8.98727876   4.13824200
  14.50226467   9.28504565  -5.83904668   3.79442500  -8.01180438  13.88892444
   9.55793103   1.91384246  17.74145440 -18.08796736 -11.50733687  -6.34185762
   1.55199297   1.17046757  -6.14261953 -14.18246091  -5.79475013   7.06952250
  -1.12500663   4.65245207  18.38722880   9.27104988  -0.31142959  15.72550207
  -8.40159615   2.93208821  -5.59210366  12.16451435 -11.84336259  15.58148473
   1.64620326 -12.80882537  14.77768380  -7.89266378  -5.43906642   5.56070448
   3.08838947   6.59137820 -13.05858517   8.60826776   5.29349140  17.38989340
  -7.21469222  13.93224173  -9.08214402   0.71879076 -15.75322724  -5.20288873
   4.56135828 -10.61226744  -1.42382686 -17.95890393   9.43000133  -8.09117488
 -13.54224031  18.22042134  14.66915090 -14.50207338 -15.74268206   0.27168351
   8.99886900  -8.49910964   6.90384811  14.71417269 -14.00611725 -13.35028113
 -12.35513423   5.80658536   8.29587768  -9.09592210  -9.39535271   4.71254115
  -6.26598455 -17.19721852  -0.36672377  -1.49097414 -10.92588882  -9.63733233
  17.06730237  -4.07620527  -5.13916610   1.65117806 -10.11950951  -7.33510765
  -6.10533214   2.03530250  -5.46818856 -12.36008474  14.07066437   3.91514679
 -18.74401304  -8.42208220   0.03947912   3.14002315   0.17237995 -11.62671894
  -6.55536098 -11.05099339   2.22148303  -1.55430298  16.63901395  -6.65470354
  -3.72064338  -4.30241247   9.73999916   6.84822454  13.46861960  12.51948722
   8.36872076  -7.62656747  14.64933105  -6.46242429  17.68061691   1.15074234
  16.02040723 -15.30914469   7.84251331 -13.87971988   0.31678810 -15.90485277
  -4.61623442  15.83273782  -0.64425747  -8.59985401  -4.81486369 -14.55709840
 -13.64536216  11.44194019 -13.94007308   5.05376711  16.41799547   9.07639808
  -4.56069874   3.76567614  -0.28025872  -9.17017696 -16.35379548   0.43769453
 -16.10517848  -0.26042391 -14.30113338 -12.06404010  -5.08818009  -8.44482584
  -2.08280320 -15.82994746 -18.56956888 -14.98408004   5.48107619  -1.75257473
   6.55848906   8.98730812   6.15337685   3.60467703   9.75056451   6.28613668
  16.06289199   0.88852846   4.44611625  -9.60776583 -11.96669323 -17.45998328
   6.76744054  11.51706377 -11.70697578 -16.63462730  -3.30124930   9.12566697
  10.82542071   3.90677212   8.40793365  12.71235642  14.72857547  -3.82263073
  14.46830524  -1.34808250  14.33373618  11.02235713  -1.43390108  10.96005541
   5.92777800  -5.92996631   2.76273811   4.40271468  17.18880590   1.72322130
  -0.02095971 -13.22753327   5.69022852  16.79523931 -17.77658090  14.51904952
  -9.82499188  -6.51002679   2.40414461  12.93133967   0.28662648 -18.68863915
  -9.27843783 -16.66689494  -2.64504048  -4.42074459  -7.02748038  13.24021079
  -3.81494785 -10.27062235  17.17581191   3.62633875  -2.30467802 -12.35471549
  12.51450792   8.37930311  -1.46151508 -16.88906701   1.17705956  -3.57909705
  -0.50468713  -5.78150443  -6.46344481  13.62604593 -11.89979943   9.33244790
  10.51536619   1.51732268   6.76708412   7.90834180   9.46436928  13.79326825
  -3.09051999   3.03821216 -10.81429041 -13.19060228  12.25825406 -14.81689674
  -5.65137776  -9.57816924  13.03589893  10.39121485   8.03067570   9.76214142
  11.91489736   5.70277561   6.97285351 -12.29858694 -11.90779664 -12.36033691
  -1.81226295 -16.65615425   6.85808998 -10.60456644  -8.83664486  11.42661651
  15.00878722  14.52960019   2.68541059 -10.28326143   3.33451223   0.97145164
  -9.65569765  -0.28738122 -16.00554294  -3.92797305   6.54266573  -3.17097269
   0.51768187  -4.58196850 -10.81768040 -17.20773971   5.51116905  -9.64853811
   7.11520330  -7.55272572   2.14457248 -10.59964021   4.20243664   6.14443522
  -3.27430219  11.24275078 -14.35141765  -4.45968102   3.81654450   6.88361622
  -8.87105496  -2.77348707   7.38134361   2.37375343  13.19932900 -15.89347099
   3.82616115  -0.21868111   8.79721042   1.09726146   3.65892458  -7.38501049
 -14.06257355  12.66580544 -17.90826753 -15.65171537   0.12478213  -6.80829587
  13.75114844  10.08503123 -18.08597452  -4.74132270  14.04021779   5.09609260
 -16.10819057  -2.71288569  12.39749621  12.40056487 -11.63221476  18.10557628
  13.36530295  11.70553384 -12.18614615  -8.08763115  11.25070198  -2.89531525
 -14.04137081  -0.62708790   3.28596412   8.56714954  12.22973184   2.92887889
   8.73982405   2.87378365 -13.30594310  -4.91850747   1.77190577   5.85846121
   1.10454195 -11.56639188 -17.51818095  15.80240284 -15.21303078  14.49703348
  -1.51581584  -3.60527038   9.22895283 -17.28976210 -17.06241227 -13.74979061
  -2.19534970 -14.11179801 -11.01983657 -12.20305834   5.91187688  -2.25913191
  -2.93186240   0.28568080  -7.27465377 -10.08408712   4.84172509   0.41783973
  13.36846487 -15.48718584   0.18947206  -6.19956861   3.32515227  16.68627599
   4.24359520   2.73115641  -2.40031331  -2.58622347  12.25180044   1.14493612
 -10.42538361 -10.96572924  -2.70804235  14.66527039   7.24477211   8.98815388
  10.88691339  -5.64465740  19.80568737   4.45986035  14.32842539  -7.22733012
   7.40569089  -6.09997583   0.71211035  -0.14783803 -17.30316850  11.69532447
  -6.76435290  12.10264949  -8.70453505  -9.98168004  -2.02341930  -9.52240914
   4.36583226 -11.50448537  10.53515105  15.66914584  -8.80313198   1.98595149
 -15.98500212  16.92794567  15.48283280 -17.82775002 -13.17123677  -3.49272010
  16.22782717  -5.13615539   9.58922176   8.31108242  -5.40542142   8.20454270
   3.52549902  -8.08365374  13.16662538 -10.25900836   4.56764569  15.34433127
  -1.24890704   1.80793991  15.25732206  12.61567422  12.44595911  -1.57972056
  11.25886101   3.02360403  -2.65158970  11.91911524 -19.13937020  11.25788479
  10.35639910  -9.09523973  -0.64135083   6.19082872 -10.27558742  -7.01325439
  15.90466111 -15.50677420  -8.91915845   1.59077764   1.38473769 -16.37537527
   8.49016571   1.52517631   7.70091716  19.59890650 -18.54779873  14.94276415
  -2.32242640  18.46264258  -3.17032287   7.03656876  10.82317159  -6.15600893
 -10.38188310  -8.90578766  15.30650525  10.04647701  17.64425366  -6.05323345
  11.42226742   4.15691950  -9.52607648 -11.30117988  -6.05081954  -3.48032639
   3.87940662 -11.72616337   6.16660013  12.23353983 -14.20321586  14.28254436
 -16.13920055   4.56528523 -15.43344522   2.61260870   6.26012746   6.34396876
 -10.33977694   2.38413743   7.83591653  14.09081208 -17.00794678   1.95305026
   7.47501033  -7.64207505   3.90462393  10.08000652  13.45724307 -14.44071587
 -12.16816293 -14.98940855 -14.43568248  12.33631739  -7.18929903  -7.05425921
  -3.63384620 -13.62638338   9.23723734  -5.90781217  16.23625990 -11.83092407
 -10.98784040  -6.52402707  -6.69521013  -6.46037031 -15.52493171   4.77691804
   4.65811852 -10.69657253   0.18800565  -7.49162181   4.98347852  -5.42555775
  -9.83450157   3.54707430  -4.21370155  10.07407410  13.06576136  -1.47752964
   8.49759188   6.67902218  -5.64914286   5.48323187  10.05394083  15.30740481
 -18.40608575  10.85577932   7.42762808  16.51315639   5.45051342 -14.54043781
   3.07105670  17.76056916  -5.05465266 -13.06014872   7.33181625   9.41262028
  -5.94946414 -13.61360390  -1.29211391   9.57952598  -7.77092730  14.11945036
  -5.87077944  14.00893228   8.36656875  -4.28592849   7.41268508  -8.23358514
 -16.36223244 -10.25711443   7.45134990   8.24514546  12.92565450 -11.56666580
   1.29960413   8.20523174  16.29962566  -4.75432048  -3.40849895 -12.17314047
   7.21394087 -16.06340453 -12.19930918   2.74928568  -3.37907543 -11.96514786
   0.13043592 -13.38265637 -17.48197899  -8.94725557  -9.55635664  13.15122734
  10.47772912  -0.13943126 -10.91081879  -2.72022371   2.61863497  18.32178184
  15.56536895  -0.67315255  -1.68650092 -11.49331268  11.32564430 -12.41712236
 -11.39616241  13.27921422   0.36175666 -12.33900373  10.95386947  -9.32003973
  -9.10177069 -15.17195171 -12.47297640  -5.10340975   9.94943960  11.71183283
   6.88419398  10.70248123  -1.65611740  13.53138295   6.61812003   5.12213477
   0.76576967  -3.64294271  10.93815713  -1.37711101 -14.66290848  15.26509244
 -13.82570848   6.22983849  -2.49018967   9.77166473   1.22881189  -1.47344265
  -2.68634146  -9.27638548  10.99628842   5.52909173 -12.02447623 -17.10011827
  15.01025295   2.22066527  13.49988947  16.05906719  -6.63589233   6.68625830
  -4.94889469  -0.86855427   3.20943467 -16.53156019  12.62443860   3.97464102
   3.92756409 -12.27540688 -14.50492892  -6.50904495   5.73756054  -9.86582195
  17.14950028  13.01569713  11.45189312  -1.74317274  11.31521984  -1.17864495
 -15.98323783   5.54370701   6.69330699  17.08794836   0.70629115  16.26474027
  18.15868640  -1.61593498 -10.89918273   5.55217589  -1.64994519  -9.95788247
 -10.87182528  -1.92490809  12.19481491  16.23693929   9.95094701  11.04215459
  -6.81264156   9.34567475 -16.98442164 -17.07278944  -4.97863385   0.51611268
  -8.52969880 -10.68884279 -10.25428619  15.30146095 -14.40977778  10.67961451
   2.92570781  -7.32277032  -0.22374163  -9.03971589   6.87161779  -9.80145165
  -0.21772426  -5.32560761  12.83194367  -3.93758421  14.50841531   5.41889636
  18.91996854  -4.61956839   2.05157186  -8.43709738   4.45365319 -17.90501440
  11.63752054 -15.06184765   6.63931532  -1.29146123  17.09065291 -14.23466326
   7.55863088 -11.52927296  -1.00612100 -10.29517852 -16.54850974 -17.39798828
  -6.46187656  -7.59293017  -6.01082330  -4.73039258   3.22616403  -1.25498032
   2.53966939  -8.62761824 -13.92569551 -16.01614624  14.94551380  -5.94293938
  11.42630767  12.69577388 -14.18472020  -4.24854575 -14.05501110  -3.91430917
   3.21147616  10.75763817  -2.30659862  -8.94959288  14.84027282  14.40209508
  11.85288099   1.63908225  16.97685831   9.58069084   4.75903700 -15.84428958
   8.60365476  -8.50160040 -11.81610946   6.73157527   2.79441913  13.92752414
  -4.56152432   7.97489093  -8.85829931  15.16140734   9.31225179  19.87075915
  12.81791441   8.04755267  -9.73611226   8.59680510 -10.53157384 -12.86508570
  16.83965384  -2.23487514  -2.57774532 -14.52296001 -15.89687813 -11.89265233
   5.16386313   2.37668176  14.72609901 -11.99108681   4.21843032  14.41254638
 -15.07073194 -11.01026514 -11.22675038   1.27803097  14.98769271  12.57907816
  -3.46440585   9.95414597  -7.37248446  14.79599375  -1.25328900  -1.13371157
   3.98740870  -9.83213808  -8.10834744 -14.03118695   3.01269769 -10.18497711
 -13.94263572   2.13845859  -3.31499120  12.48782388  -3.33329566   0.44185663
  -0.50780037  -0.79855599   9.31370774 -10.99482344 -14.22878183   6.93571202
  -4.34425095  -3.76838616  13.34457258 -16.92272621  -9.58944993   6.28365850
  16.46591169   9.84934635   3.79462768  14.30883997  10.45355497  -6.58392039
   3.12527276  -8.38846648  12.70569895  10.69034985   0.43394430  18.36973768
 -19.27509021 -11.03696171  -6.93951976   2.46970290   0.43014799  -6.99452818
 -13.68211706  -6.82570581   5.94868158  -0.14840440   5.98954213  19.28074719
   8.88961833   0.45971955  16.09292409  -9.48776655   1.43321914  -6.36136838
  12.04120985 -12.65952580  15.01927592   2.88503359 -12.61788135  14.21876773
  -6.76224835  -4.00772613   5.37531485   2.10538013   6.90319915 -14.02947714
   7.42439246   4.81494254  17.23633160  -5.93182455  14.89889488  -9.19830790
   0.19243189 -14.70148859  -4.78962429   4.79524623 -11.60828126  -0.09205514
 -19.03812009  10.72881996  -7.74201469 -13.71975100  17.87234365  14.29457341
 -15.44408188 -16.79617657   0.33382131   9.76463852  -8.19726018   5.98501171
  13.40115949 -13.95260540 -13.60713165 -13.34786805   4.94004276   8.63290722
 -10.30545270  -9.73388259   3.82943226  -7.34019883 -17.65729243   0.94855284
  -1.38661677 -10.70527103  -8.65695619  15.82764319  -4.59605282  -5.41560971
   2.14387558  -9.37816184  -7.38606223  -4.90477021   0.71282612  -4.04843998
 -13.06118043  14.80306318   5.05668669 -19.73555990  -6.94661333   0.61921130
   3.28306601  -0.67706834 -13.02662454  -6.87796732 -11.32193874   1.31486151
  -0.13085894  17.76145811  -8.04910044  -5.13026038  -3.08813718   9.59069567
   7.51472354  13.79927484  13.19482610   9.12096389  -7.78902495  13.85413381
  -7.32611558  16.74071051   1.31611641  14.94208384 -16.54181737   7.54820296
 -12.43745005   1.71489857 -17.26197833  -4.89020879  16.36551354   0.53180542
  -9.58156886  -5.23433676 -14.25815974 -13.81194470  11.52472030 -14.26987734
   5.51434213  16.58081294   9.25659564  -5.27443273   4.39768854   0.89779735
 -10.02648303 -14.96685342   0.00794760 -16.65476040  -0.90420137 -14.59998379
 -12.02400647  -5.98439657  -8.67126576  -1.68797110 -14.84126670 -18.54255246
 -15.51320141   6.12944880  -2.55521117   7.16798969  10.19639229   5.80329038
   3.26781609   8.48497351   7.33112796  16.74596692   0.16101754   5.09452721
 -10.73499361 -13.35280166 -17.27545325   7.07884258  11.72876442 -12.84496630
 -16.95621884  -3.21402574   9.35228865   9.42472881   5.35325130   8.60938686
  12.98699856  14.46676393  -4.67085551  15.02723582  -1.25749694  12.99406772
  11.07128018  -1.98823867  10.78512321   5.14488970  -4.61702001   1.28776248
   4.25079196  17.34490318   0.62910069   0.12282730 -14.02788051   7.14617808
  18.28119004 -19.05854098  13.83008176  -9.27031740  -5.08167698   1.83835469
  13.14608735  -0.68899515 -19.63325775 -10.76034068 -15.94073987  -1.61768641
  -4.14136224  -6.68977904  13.53477609  -2.92560961 -11.77534700  18.24438064
   4.07193664  -2.77135386 -12.53955380  12.30778347   9.18583371  -2.59299562
 -17.05476748   2.25673112  -4.90700209  -1.05588615  -4.57953381  -5.94353521
  13.21028774 -13.04066557   9.92548095  11.61145158   0.44254959   6.87237463
   7.94436275  10.52071978  12.78406883  -2.69475434   2.57555186  -9.42497259
 -13.23132581  10.91108809 -13.83667065  -7.02235696  -9.10170621  12.25516562
  10.63826651   7.37818016  10.62535986  10.79133771   5.44582104   5.70127483
 -13.10301750 -11.89619872 -13.07139791  -3.27908516 -15.92263963   8.07282629
 -10.88344580  -9.47941912  11.86678997  16.29067199  13.36698919   1.82720623
 -10.63316625   3.36694557  -0.40380665  -9.61629723   0.39373662 -15.00136846
  -4.54738355   6.89018620  -2.52381674   0.27076894  -4.91317355 -10.66697867
 -18.45483326   6.34210850 -10.36776164   7.40819939  -9.01749686   2.95317621
  -9.82853202   4.09347745   7.12764386  -3.68465853  11.61434699 -12.96128099
  -5.47273264   2.83606689   5.81447343  -8.91960985  -2.87289733   7.41999018
   1.23365113  13.77508788 -17.09175283   5.11723798   0.13845570   8.42501969
   0.07914639   3.89299987  -6.91509313 -13.15689928  13.15639494 -18.49897210
 -15.82758619  -1.38068464  -6.04204240  13.62826530  10.44100611 -18.60469707
  -3.63017236  15.47369577   5.27999857 -15.15868644  -2.65670065  11.06950764
  12.34185586 -12.73122294  17.90640921  11.94472715  12.20329079 -13.51205471
  -9.53371441  11.09101898  -2.71131052 -13.27749465   0.14892741   3.12704967
   8.32410023  11.96339694   2.31023117   8.81373060   1.40490237 -14.64632360
  -4.31458315   1.74109929   4.71330526  -0.03609871 -12.72964352 -18.19009683
  15.40600265 -16.47586439  14.81779896  -1.08933504  -4.71244049  10.10997173
 -18.63948218 -17.49717765 -13.26003614  -1.33711373 -13.94983655 -11.03364830
 -11.13475190   5.00641613  -2.30125885  -2.63546780   0.50286824  -6.19282284
  -8.83740200   5.96641360  -0.74891341  12.26970192 -14.64494287   1.27932704
  -6.00389141   2.68149871  15.70938425   5.24493337   2.15622344  -3.12409608
  -2.58654179  11.57817849   2.09096234  -9.08213604 -11.52326481  -3.81464779
  14.22876262   5.95116760   9.14135014  10.19121353  -5.85641197  19.49780190
   4.58257620  14.77030847  -8.27386128   8.18920797  -5.64994222   0.40177856
   1.20546064 -15.97308172  10.27840835  -7.89477557  10.89252053  -7.21505060
 -10.49102026  -1.26809245  -9.45109017   3.47144927 -10.62072989  11.45567439
  15.13836992  -8.41071108   2.84841518 -17.41386652  16.73886983  14.92292354
 -16.96172199 -12.98939164  -3.06323928  17.13637891  -4.55091099  10.55232367
   8.07609319  -5.05796202   8.63348777   3.35047890  -7.64603797  13.64355729
 -11.02679470   4.48267450  15.90044581  -1.49329836   1.24392792  14.09420582
  12.44980765  13.50743497  -2.59745527  11.26052004   4.45869416  -4.02472099
  10.39339576 -18.31010653   9.77243087  11.26183536 -10.31378104  -0.96959590
   6.27258077  -9.49388976  -7.70575816  14.98078551 -16.00108576  -9.16991076
   2.23481526   2.49587315 -16.88933761   8.52940063   1.57379259   7.23322771
  19.37286433 -18.19823637  16.22570595  -1.65747926  17.79094097  -2.78967595
   6.64649890  11.82432736  -7.52494653 -11.28633698  -9.18562784  15.91327768
   9.91917714  17.55343326  -6.65414499  11.23158102   5.37563809 -10.43591632
 -12.16921496  -4.93703050  -4.27511577   3.63280689 -12.26357229   5.07450569
  10.78042979 -15.22826789  13.56318672 -15.50363289   5.56369391 -16.21255702
   1.91602518   4.86275815   5.25650900 -10.95512970   2.31208858   9.15360726
  12.93049297 -15.51278502   0.84589006   7.59379531  -8.33427117   5.02773799
   9.88115509  14.07023241 -14.81708799 -13.62546766 -15.64153915 -15.89154943
  13.09726548  -8.56260422  -5.60628317  -4.04451313 -14.12889458  10.05325446
  -6.51174276  17.76001335 -13.33572250 -10.77268964  -5.15212456  -5.51303159
  -7.91129297 -16.80376402   4.49113555   5.98671703 -11.83224689  -0.84143486
  -8.33257631   3.63837204  -4.39228146  -8.62333366   4.17970757  -3.82832942
  11.46247629  11.67660633  -2.00706250   9.13376897   6.89182209  -6.16539300
   6.81840409  11.02883491  14.88156853 -18.02238751  11.26830777   6.24186381
  16.85265692   5.83776046 -13.18690406   3.58247284  16.41084642  -5.34134212
 -12.82555562   6.19613745   8.80300898  -7.22914463 -12.65935563  -0.02520778
   9.83743157  -6.31809349  15.06141479  -6.00794378  15.41505640   8.74443530
  -4.45982437   7.55132646  -9.43777363 -17.64836207  -9.64969444   8.79015055
   8.26154283  13.34625657 -11.05966068   0.63370413   7.74753867  17.00005356
  -3.34062062  -3.21628238 -11.38779059   5.83885199 -14.61458144 -12.58463628
   3.75361685  -2.15841783 -10.88308056   1.09783408 -12.04614928 -17.05081244
 -10.27745258  -8.24095274  14.03658253  11.95265388  -1.56125395 -10.79215424
  -2.33730260   2.72543283  17.49592557  14.43556303  -1.64849021  -2.00242390
 -10.17826242  10.44003129 -12.08006997 -11.44979482  14.49399996   0.33951439
 -11.11997198   9.77782083  -7.82442985  -8.36222562 -14.89589440 -12.77962580
  -4.18693449   9.71307155  11.78231691   7.37701489  11.58641848  -2.34978276
  14.34817015   5.76395749   4.49674979  -0.65461177  -4.49618057   9.78735755
  -0.49072127 -15.37805901  16.51296307 -13.87513497   7.62772058  -3.83847102
  11.02520096   1.27768752  -0.56285380  -3.26977819  -8.16474722   9.47471780
   6.89899581 -12.59205817 -16.02343058  15.01931501   1.20630771  14.48394151
  16.75277087  -7.77526291   5.63901213  -6.21911550  -2.06775779   4.34332759
 -17.16541513  11.63954376   2.88177236   5.33433220 -12.88377636 -13.99241492
  -5.79808412   4.37905139 -10.89340235  15.69408877  12.35900682  11.81272066
  -2.97060960  10.54535842  -1.28579334 -17.26891017   6.11561159   6.18199126
  16.18528519   1.17834693  16.69591447  17.59623597  -0.89037363 -10.35176930
   6.53665917  -1.41877483  -9.61823095 -10.03900481  -0.71181814  11.12290411
  16.18296673  10.62111147  12.24313976  -5.52513651  10.36181051 -16.15648196
 -16.64221786  -6.24794056   0.69796722  -9.55785440 -10.38863033 -11.09547730
  16.38668368 -15.81208063  11.83328793   2.91614517  -7.21045911   0.58722166
  -9.64835544   6.08086080 -10.19733175   0.53114331  -4.46662378  12.76709740
  -2.66789133  14.57575294   5.38168357  18.34225665  -3.52435134   1.35121379
  -8.47765928   3.93079670 -17.24018379  11.56292342 -13.97980169   6.69879292
  -2.33881384  16.20623880 -13.49308104   8.22327774 -11.52705459  -2.35174191
 -11.26972175 -16.87712974 -17.27016942  -5.12127333  -6.56785046  -4.79937309
  -4.61966575   2.31421763  -2.68968123   2.21335431  -7.40664306 -14.20527846
 -14.82183916  15.98715418  -6.39079837  10.93718891  12.16463629 -14.74778538
  -4.18268640 -13.60965506  -3.38114829   3.01478041  11.96647399  -3.67332505
 -10.43642938  13.98789190  14.59674655  12.18713409   0.89388636  17.47823074
   9.83222836   4.30440831 -16.41954858   8.19183516  -7.96919070 -11.65762835
   7.13934232   1.69404017  13.87696112  -4.55563160   8.28355192  -9.93122320
  16.40383012   9.24584126  19.30055244  11.86130788   7.74324217 -10.75672952
   8.07501492  -9.49046890 -13.17795093  17.09041571  -1.38576622  -2.23034834
 -14.13031078 -14.69899233 -12.32552047   6.36391343   3.02876537  14.35706015
 -11.97701822   3.59240972  14.53755811 -13.67832463 -10.98007106 -11.44174446
   0.30536162  14.58834968  11.77367129  -3.02936374   9.71171619  -8.44430197
  14.05302806  -0.47636325  -0.61646112   5.15386094 -10.45643242  -8.02955414
 -14.31588371   3.64411694  -8.98204713 -14.19195356   1.50826824  -2.00672894
  12.59347680  -3.52602556  -0.16029947  -1.15177131  -0.32827425   7.87550158
 -11.22441497 -12.76571259   7.84557042  -5.74137780  -3.65970622  13.81305425
 -17.96537164  -8.90620386   5.56976439  15.45387951   8.84723025   4.15036750
  15.09266629  11.59480765  -6.19670950   2.24970741  -8.06771470  13.32579756
  10.14689383   0.30814272  17.22490095 -19.10897748  -9.68491529  -7.87327332
   2.92533442  -0.96954561  -7.39921531 -12.41334854  -6.78450069   4.94203860
   1.05653171   6.79278175  18.57177517   9.44583716   0.19442934  14.79717636
  -9.88551370   1.05961835  -7.22413091  13.03644233 -11.83945922  16.00193955
   3.94003927 -13.19115534  12.80263296  -7.39707498  -3.40195491   5.66807031
   1.76739645   6.35968731 -14.48189220   8.02902437   3.29310528  16.19677294
  -6.15377408  14.60037562  -8.16848149  -0.55701957 -13.66624600  -3.31124802
   6.31326600 -10.74411975   0.53987693 -18.52391424  11.31929661  -7.47396594
 -12.40523475  16.39355667  12.93178436 -16.66414899 -17.14326560   1.06345475
  11.07854712  -9.44291612   6.72080996  12.79638648 -13.45140203 -14.82835051
 -12.94869852   4.83426338   7.68068736 -11.47437537 -10.50633771   3.80540211
  -6.62622015 -18.09416494   1.47412948  -1.22527619  -9.18693888  -7.43033888
  14.90445536  -4.06846013  -5.28522185   1.53603851  -7.97650810  -7.32019644
  -4.02179402   0.91309430  -3.98300664 -12.25778265  14.23173638   4.83432569
 -18.90960448  -6.25265811   0.92567859   2.31895885   0.33948814 -13.81130883
  -7.47374936 -12.55078897   0.23028020  -0.28633716  17.34007964  -7.81789537
  -4.97154321  -2.60928641   8.11411610   6.92875996  15.10174413  14.68736709
   8.30491224  -9.13498829  14.84270935  -8.27756343  15.35919471   2.74850457
  15.37357551 -16.34590226   7.71142091 -12.14267880   2.61828165 -17.25690206
  -3.71507669  16.90574218   1.61802533 -10.81895274  -4.18371377 -14.46845536
 -13.18380418  10.45354020 -13.31875952   5.18737504  17.40970598  10.66634150
  -6.00027317   5.88455023   2.09858734 -10.60161622 -15.12493112  -0.26668891
 -18.16427736  -2.38764702 -13.37838749 -13.41428654  -7.21612246  -7.27492492
  -2.77592989 -13.58075906 -17.12111501 -14.69950263   7.54765504  -3.54502360
   8.57251455  10.28426397   4.90458715   1.74062756   8.51799288   7.25073171
  16.72213070  -0.52851212   4.74261543 -10.08909073 -13.61149374 -15.98074717
   8.45198278  10.41617283 -13.05400149 -16.22774632  -4.62172522  10.85386731
   9.07551348   5.57357471   9.38539199  14.51020341  13.24204230  -4.90929360
  16.50249046  -0.40839235  12.21314099  10.38905680  -1.09506729  12.19525905
   3.75113176  -3.59255290   0.90971450   5.48025468  15.91057396  -0.66763349
   1.63248234 -13.09813836   7.47008706  18.57599296 -19.40800429  12.61836599
 -10.48223440  -4.34811724   0.63382641  14.63265059  -2.04489236 -18.73305796
 -10.99018557 -14.94085933  -0.27926900  -2.81330628  -7.04516488  14.84793299
  -1.56594439 -12.31017430  18.25916078   4.71355916  -4.29593624 -13.06157707
  12.03849485   9.10941849  -2.85085130 -15.62383143   3.13475041  -5.89426243
  -2.54971661  -3.46723396  -4.50422558  12.97355506 -12.35237193   9.76107455
  11.05038999   0.29164344   6.55436750   6.47293229  11.82054036  11.49859578
  -2.52033363   2.46964350  -9.57765553 -14.38959060  10.37038346 -14.37307212
  -6.82357407  -8.30185087  13.30563620  10.50872567   6.71441593  11.62868287
  10.27545251   5.81310562   4.57873995 -12.21646637 -10.65723232 -13.93070032
  -3.86571351 -16.00667090   7.48802063  -9.49850211 -10.97992711  10.56109220
  15.92111901  12.28885680   2.11734303 -12.09399349   3.51926599  -0.72015082
  -9.09983930   1.86756879 -14.46993251  -3.55476233   7.10320305  -1.20392386
  -0.84936934  -5.11304808 -12.02188681 -18.16849956   5.99439399  -9.60686124
   6.18311862  -9.36440471   3.98377486  -8.40733733   4.67737963   8.06600338
  -5.19333995  10.91670676 -12.85179487  -4.78554757   2.75957087   6.42912290
  -8.06878061  -4.34100798   6.38869558   1.89596449  12.55883297 -18.24964414
   4.95591175   1.63064427   8.62050936  -0.45459570   4.20168571  -8.11555832
 -13.73550455  12.74234343 -18.05461258 -16.36149315  -1.84872158  -5.66440426
  14.03016566  10.92753118 -17.39457589  -3.84068793  15.60395688   6.73436860
 -13.80896628  -2.73768459  10.31370871  13.34596234 -13.86856877  16.82307958
  11.73756015  12.89460492 -13.32563548  -9.69709248  10.75714274  -4.10203695
 -12.68119781  -0.01781110   4.51560931   7.47527025  10.86547990   1.41364593
   9.91097436   0.95193543 -15.02704071  -4.31778199   0.72750606   4.51769868
  -1.19156934 -13.89996853 -17.33036327  14.46735712 -17.54624917  16.01706118
  -0.20385241  -4.29512290  11.32557983 -18.36294989 -16.28492729 -13.68590389
  -2.31346707 -15.03396166 -10.12238327  -9.81182598   5.91858651  -3.75256964
  -1.34553216   1.89886994  -6.93760374  -7.79120842   5.80337638  -0.83278001
  11.89069310 -13.71223339   2.03254556  -5.68120146   2.29804099  14.32849484
   6.00197837   2.52750275  -4.07772608  -1.12525380  12.41066345   2.36851780
  -8.81089816 -12.22254425  -4.02139236  13.95309491   4.86068318   9.99579381
  11.19678654  -4.49872081  17.99902214   3.61413838  15.83415836  -7.52109130
   9.66444723  -4.34337201  -0.50789479   0.94528388 -15.41655264   9.40710600
  -8.10343436   9.74532781  -6.68611202  -9.26831404   0.21587808  -8.67296890
   2.23342658 -11.57972008  12.81347913  13.72484820  -9.72442167   1.87030673
 -17.29715937  15.23370568  15.58008926 -15.51175509 -13.11224969  -2.73688758
  16.61031718  -4.14153889   9.76295354   6.81319909  -4.14436123   7.41815693
   2.42461613  -8.07322821  12.49671698 -11.54739709   3.51992764  15.38101808
  -2.64778221   0.19368609  13.25734908  13.48994172  14.46827049  -3.78492375
  11.76764498   5.07775638  -3.90722485  10.05028708 -16.85229172   9.59064917
  11.41368875 -10.47728529   0.35445356   4.82693108 -10.17854171  -7.09109599
  15.90150038 -14.74741856  -7.99816205   2.01967930   2.65848963 -15.67580848
   8.82460486   3.05505496   5.89025962  17.85455042 -16.71349194  17.37675918
  -0.25747279  16.96513665  -3.04760899   5.14186555  13.10559329  -8.09059287
 -11.01270427  -8.54530521  16.98924272  10.57700744  16.89007715  -6.55083364
  11.43786130   6.40409739 -11.46352424 -11.53611774  -4.26825428  -5.53782652
   4.95103086 -13.06538722   5.39101339  10.09440277 -15.26739716  12.17074256
 -16.19088845   6.81101561 -16.28635382   0.62863301   3.95412360   5.66576692
 -12.47257010   1.18609877   8.94842601  13.52671067 -15.38749156  -0.26721747
   7.34942294  -9.71425644   6.12420667   8.36531620  15.27866744 -16.20818045
 -14.45020714 -15.60858017 -15.84539131  13.58368196  -8.58576498  -5.60898414
  -2.74084794 -14.67922831  11.24058828  -8.00541427  18.17947314 -13.65196048
  -9.38211901  -4.14111311  -6.02502941  -8.03221558 -17.05619572   4.32682281
   5.62318241 -11.56544341  -1.05560280  -9.60162940   3.95035273  -3.02680394
  -9.17803909   3.08675371  -2.33960127  12.32668128  11.85700941  -2.00360980
   7.97095174   7.98953292  -5.61531084   6.69858869  11.78027940  15.89832579
 -17.17994743  12.79977332   5.31141695  15.50863234   7.30168185 -12.13649390
   2.55408650  15.35243697  -4.39849449 -11.33241175   6.81422068   9.96052956
  -7.04779293 -11.66635221  -0.48031795   8.63814499  -5.69102974  15.04928818
  -5.42483107  15.82504036   7.96786880  -3.69642055   6.22612429 -10.17866096
 -17.65431208  -8.44205943   8.82366814   9.70491634  12.45275147  -9.77230258
   0.51182824   7.94004006  17.62630927  -3.30987520  -4.37658434 -12.40827522
   4.83065856 -13.82056296 -11.56097232   3.06022960  -2.70979869 -11.60472142
   2.45986815 -11.33453703 -15.64013277  -9.95978229  -7.20091255  13.07849561
  12.39671718  -1.90868325  -9.57644573  -2.14999473   4.22283241  16.34798089
  14.66030068  -2.55612428  -0.66311432  -9.40612488   9.00466569 -12.51850019
 -11.87511443  13.98749660  -0.37755124 -11.53833551   8.62501351  -7.21209205
  -9.30494765 -15.87956758 -11.58209628  -3.16391434   8.54026042  10.33222009
   8.90675149  10.93742408  -1.56631539  14.25847674   6.73110535   3.28543104
  -0.50456381  -3.76127222  10.25454507   0.60296115 -16.85103128  16.18328888
 -13.45232826   8.53490211  -4.87437106  12.20581126   0.35469983   0.61911301
  -3.15033042  -7.22429350   9.12471868   6.72722396 -13.22329371 -14.68717184
  14.18412461   0.67808396  15.12581235  15.77715195  -7.12978927   6.08041633
  -5.74771924  -3.04187582   3.83091873 -15.99884737  12.19679989   2.21385580
   5.79473839 -14.11704000 -12.52592032  -5.74184335   4.61256146 -10.95089615
  15.50098515  12.82841925  10.69993606  -3.59702268   9.92405672  -1.58878681
 -17.11113887   5.15142320   5.92356671  16.36594054   1.94612074  15.60624537
  16.83532381  -1.39136268 -11.55357989   7.33271892  -1.01677050 -10.07794978
  -9.77126805  -0.99633054   9.95527936  17.01823296  11.32597077  11.66262517
  -5.85213680  10.82486492 -15.31225232 -15.25089692  -6.35281758   1.96799998
  -9.19694024  -8.86758900 -12.48459844  17.71231222 -15.93073795  13.11443802
   3.75216584  -5.98672006   0.61260268  -8.69359888   4.63252484  -9.83887690
  -0.54390776  -3.32343064  14.02169865  -2.99722106  13.46344126   6.63165195
  17.22337001  -3.77893872   2.31258159  -7.10500223   4.48970896 -16.16860012
  10.24221521 -14.27007320   7.97238866  -1.91423743  15.34239599 -12.89471458
   8.53609719 -10.48675534  -3.30296565 -12.27473134 -17.20613482 -16.45122994
  -4.22309934  -5.83414514  -3.88573206  -6.03240808   2.19315000  -2.81773271
   2.23318328  -7.55164072 -13.82640736 -15.29660045  15.19444919  -5.18259120
  10.65474143  11.86406628 -15.36750547  -5.46694744 -14.67159583  -2.37620190
   4.24245570  11.45745168  -4.49197205 -11.15732534  14.25676398  13.46198272
  11.44896756   0.00188244  16.61231597  10.38121728   3.02803130 -15.91917618
   8.29950406  -6.45189360 -11.11359699   8.44639831   2.41419506  12.39592083
  -5.36522173   8.37119024 -10.95588296  16.22510558   8.25812015  17.78458532
  10.45151879   6.47315410 -10.42762967   9.28489026  -9.26600804 -13.86699626
  17.11253926  -0.68360040  -2.83179349 -15.38768020 -15.00978807 -13.69802009
   5.93817403   4.19046563  12.84893133 -12.07655505   2.21521711  15.44244059
 -13.82918259  -9.56424544 -11.15385156   0.62274078  15.01415126  11.06857716
  -2.63950104   8.20179030  -7.69591772  12.59825951   1.00025842   0.86094304
   5.16607988 -11.88808781  -7.96833050 -14.97777020   4.51322361  -8.73730334
 -14.68368265   0.20104005  -2.19679200  12.56633110  -4.58654321   0.73150519
  -1.54482800   0.86147185   7.33423389 -10.01094354 -12.76587065   7.75697551
  -6.44070333  -4.10450193  12.97031988 -18.00156582  -9.98822131   4.36257387
  15.53777328   7.46396959   4.67907563  15.69277846  11.01549660  -5.24961562
   2.46636785  -7.52402781  14.83284882   8.73047980   1.72583160  16.00191943
 -17.83334393  -9.45541233  -7.75840969   2.24194028  -0.95325481  -6.75534888
 -12.25704202  -5.73009660   5.54335935   0.70252698   5.86933962  17.30895084
  10.11635722  -0.71579581  13.75736033  -9.00331334   2.36787021  -6.90051876
  13.67587429 -10.59656112  17.07465046   3.24555868 -13.67964227  12.62863028
  -8.85884340  -4.52219580   6.00558516   2.57720495   5.76550561 -13.74354098
   9.52870963   2.98378172  15.81179208  -7.55428942  13.47702597  -7.51827291
  -0.41807099 -14.18349987  -2.95903567   6.86576760  -9.29814992  -0.46703315
 -17.17597250  10.32391805  -7.68489115 -11.54598639  15.97581253  12.60072113
 -16.35265128 -16.26754880   1.37939558  10.99228825 -10.39106166   8.02290898
  13.79857790 -13.24522420 -15.20399662 -11.74704338   5.64773191   6.84939266
 -10.86830261 -10.56752276   4.67784511  -5.17973846 -17.85961076   0.42861875
  -1.24621441  -8.62097830  -7.77688674  15.66809413  -3.27408181  -4.94063149
   0.72727069  -7.99281304  -7.23499712  -4.76709994   2.34206017  -5.37171580
 -11.13882557  13.20170642   3.57521128 -17.48791476  -7.37140704   0.50362822
   1.67588229   1.71758908 -12.81530572  -7.45931197 -12.91626739   0.57654812
  -1.79325849  15.99693921  -6.30082712  -3.47679801  -3.57781137   7.49833906
   5.95717647  15.44555196  14.78431604   7.12814493  -9.66987993  16.15194540
  -7.90530321  15.58489934   3.32527189  16.67774791 -15.00917855   8.09093167
 -13.43507784   1.68560471 -15.89439427  -2.83141871  16.65191336   1.00261925
 -10.47664432  -3.21880129 -14.87700645 -12.69128813   9.81534743 -12.49527601
   4.55638344  17.67621413  11.21651867  -5.66133088   6.02196961   1.54057129
 -10.04169397 -16.59662396   0.02157164 -18.39603766  -2.51150680 -12.44571838
 -14.17505127  -6.95655289  -6.32423446  -3.73550441 -13.91806136 -16.41138587
 -13.74752895   7.63309360  -3.25382822   8.68981216   9.11827714   4.78954156
   1.28655506   9.80326482   6.16194890  16.02531569  -0.15694333   3.91047708
  -8.62477508 -12.35666830 -15.49454197   8.85171502   9.52366284 -12.02205735
 -15.52790008  -5.43880486  11.40512769  10.29802929   4.23836788   9.58577171
  15.02455590  12.86955162  -4.18294352  16.70712331  -0.05902923  13.15073261
   9.98640495  -0.07663176  13.10148799   3.81315431  -4.37712934   2.19171923
   6.26977582  15.01067750  -0.24345559   2.27093169 -11.81423810   6.17908406
  17.23984089 -18.30458951  12.68063895 -11.66622891  -5.39912261   0.57639750
  15.18802583  -1.77012075 -17.31990714  -9.62441866 -15.15019953  -0.61493857
  -2.40485881  -7.56776455  15.23344382  -1.75230456 -11.07962658  17.19608730
   4.59964226  -4.61857980 -13.14695420  12.10605291   8.26164331  -1.85073639
 -14.71607116   2.50801051  -5.07541086  -2.77172545  -4.09508175  -4.27912471
  13.26744593 -10.85241705   9.08161952   9.66125721   1.29037313   6.28402495
   5.67412419  11.43580898  11.84351752  -2.82649075   2.87834416 -11.04893257
 -14.94916964  11.44000664 -15.63332821  -5.34677696  -8.36467567  14.63246220
  10.19402588   7.02417274  11.28378589  11.13388122   6.26096254   5.27103159
 -10.95086253 -10.02663707 -13.66361631  -2.69999607 -16.78522990   5.96768875
  -8.50117364 -11.11363636   9.44321968  14.44507849  12.89497587   3.12767904
 -12.50059738   3.56572201   0.49391857  -8.87161426   1.94902935 -15.20067335
  -2.41957229   6.86539514  -1.16822677  -1.18257820  -4.88477637 -12.87520897
 -16.77045741   4.98153278  -8.49176805   5.25450953  -8.07648370   3.70774159
  -8.44333410   5.08922466   7.56719922  -5.56417493  10.18273639 -14.18799741
  -3.41424090   3.70238432   7.81903567  -7.57910102  -5.00238953   5.81540040
   3.38168716  11.35146279 -17.64912486   3.57859463   2.04625762   9.09478636
   0.28891856   4.12714286  -9.20868785 -14.94293397  12.03613640 -17.23237740
 -16.46201585  -0.58280948  -6.23646268  14.36162243  10.82302439 -16.24753707
  -5.06321110  14.23509389   7.30396074 -14.06076933  -2.83596144  11.25262173
  13.92526769 -13.35687467  16.46110780  13.05363075  12.75418081 -11.90040907
  -8.33276476  10.74408510  -5.00729597 -12.73595977  -1.23408047   6.79958064
   6.50244750   9.54740271   0.83651024  11.46751879   2.09942426 -13.93092253
  -5.07417718  -0.75699850   5.64897205  -1.50803487 -14.21061205 -15.20247643
  13.55044014 -17.58280975  17.41966214   0.59575591  -2.29025315  12.05549882
 -16.26774322 -13.92254781 -14.93524025  -4.84844288 -16.86433619  -8.73609094
  -9.15375149   8.41590417  -5.88062173   0.22362826   3.72596020  -9.40292623
  -7.77089620   4.15874099   0.49325180  12.68868263 -13.35909020   1.80786252
  -5.43990740   2.52295875  13.46956843   5.89320415   3.80082969  -4.60972548
   1.07061179  14.49973469   1.60818479 -10.07506831 -12.57929821  -2.95482940
  14.08216385   4.83221910  11.08887361  13.57338497  -2.19536691  16.13039052
   2.00641630  16.88258109  -5.08769663  10.90578332  -2.94042463  -1.48839624
  -1.12980325 -16.23571663   9.86140808  -7.01010662   9.52777795  -7.74510050
  -6.79741632   1.50541525  -7.59266045   1.48646322 -14.12036843  13.70787368
  12.26169916 -12.18653909  -0.67256744 -15.34358160  13.20762239  17.26424073
 -14.41107435 -13.52314207  -2.78106272  14.68925039  -4.25483161   7.37839854
   5.20824697  -3.20416476   5.05839270   1.25139477  -9.25966444  10.18013424
 -11.37404398   2.17922418  13.90852956  -4.07815554  -0.68230108  13.44754668
  15.25908316  14.59083353  -4.30242108  12.52749534   4.22186588  -2.02182200
  11.43356500 -15.69406652  11.16619731  10.51501289  -9.20645188   2.75223687
   2.55321580 -12.18000678  -5.30578765  18.43457296 -12.24870778  -5.92563895
   0.89494400   1.51999005 -13.21294640   9.21929762   5.22003094   4.45460015
  15.85471559 -14.91781462  17.50949293   1.01839334  16.56036971  -3.90885145
   3.36671857  13.78464655  -7.23677660  -9.47599190  -7.23500762  17.85066120
  11.72377120  16.00646393  -5.64777676  11.98509201   6.43256985 -11.87511987
  -9.50466193  -4.64959137  -6.44582686   7.23845346 -13.60124042   7.22566245
  10.87211006 -14.05049936  10.97395257 -18.01440513   7.44248914 -15.42761604
  -0.43866736   4.32801075   7.63399787 -13.98659212  -0.41594625   7.00027961
  15.86650802 -17.05999021  -0.56170262   6.83444385 -10.92613069   6.37383850
   6.33536072  16.33137465 -17.82978820 -13.87568414 -14.74747961 -13.96420300
  13.36747748  -6.91147154  -7.41506125  -0.27111557 -14.88068144  12.00892266
  -9.49794038  16.91335338 -12.25434791  -7.56065386  -4.32949345  -8.26549733
  -6.40820607 -15.84393613   4.43561478   3.42354774  -9.75123548  -0.09622524
 -10.46170571   6.09307604  -2.26120372 -11.51874935   0.65735942  -0.58250422
  11.89720191  13.85686661  -1.33941402   5.43218284   9.37392507  -4.14637810
   4.85694175  11.69600082  17.95588009 -16.39176386  14.58728365   5.38918852
  13.06683052   9.01917538 -12.24282071   0.37255555  15.44200273  -2.62515299
  -9.38103459   9.15620418  12.45827921  -5.18275248 -11.36201375  -2.74076096
   6.51534612  -6.55698077  13.85878574  -4.37804818  14.69107475   6.33088090
  -2.33305178   4.06257259  -9.79316214 -16.06265166  -7.38362311   7.20787621
  11.85306397  10.58688780  -8.46912141   1.15743785   8.79886123  17.69552003
  -5.02304473  -6.35906133 -14.91884741   5.02723814 -14.43068637  -9.54345535
   0.76857115  -5.05732401 -14.03557212   3.30228073 -11.92869101 -14.05728897
  -7.82706584  -7.27536644  10.53721351  11.22833007  -0.66119715  -7.89761911
  -2.34512825   6.33964577  15.65107046  16.40400482  -2.70595613   1.74226117
  -9.88264114   7.95029591 -13.59667159 -12.44737743  11.71470364  -1.42720486
 -13.68398951   8.35661490  -8.15340295 -11.64168318 -17.70101440  -9.40127514
  -2.76746925   7.07236676   8.06584646  10.59173953   8.86229363   0.47405501
  13.10722052   9.24718127   2.24381777   1.48854870  -1.59526850  12.38863767
   1.14301237 -18.17404424  14.13499341 -12.75558297   8.15819375  -4.75278068
  12.41954763  -1.09284220   1.26168852  -2.24477740  -7.19478001  10.49248093
   4.76429244 -13.46531429 -14.01949641  12.91803943   1.14684668  14.86551087
  13.44804148  -4.74205941   8.04689832  -3.45868253  -3.01299151   1.64992508
 -13.45733359  14.25974348   2.57044888   4.73572680 -15.21279966 -10.96045665
  -6.54214315   6.65406867  -9.75844310  17.02213490  14.35093118   8.57901225
  -3.01060262   9.94869960  -1.91066335 -15.27406927   2.99106618   6.17164130
  17.76073329   2.51216241  13.43250372  16.39208816  -3.04702656 -14.04046605
   7.30353742  -0.70048443 -11.19134030 -10.40546731  -2.93348922   9.53501823
  18.34032363  11.55094035   9.29581120  -7.94574028  10.25597745 -15.07424249
 -13.69639762  -4.93072350   3.64980394  -7.37514649  -6.95596198 -13.52477309
  18.35339473 -14.36383287  13.60350767   5.02012141  -4.28792143  -0.35851541
  -6.50169543   3.44061896  -8.80765055  -3.09105919  -2.67488659  15.98733938
  -5.07215706  11.70847885   8.55594206  16.26129909  -5.52444355   4.62856242
  -4.99221413   5.98012989 -15.38601823   8.35079255 -16.05279898   9.81184496
   0.02709473  15.14520192 -12.91862201   8.17892468  -8.92654891  -3.05746675
 -12.57185083 -17.29146836 -15.37990996  -4.54205677  -6.00753184  -4.02071938
  -8.29274203   3.14618090  -1.22462183   2.66907675  -9.28900277 -12.90924005
 -17.49621752  12.70714203  -2.80999109  10.83909914  12.07348912 -15.59784616
  -7.47841045 -16.82132725  -1.52987308   6.33173021   9.18827898  -4.02102109
 -10.39003310  15.72151861  11.51484446   9.92394989  -0.41087987  14.68738512
  10.89298894   1.67616544 -14.45149131   8.97378126  -4.83486359 -10.49346415
   9.90267663   4.86560217  10.23370127  -6.58890031   8.11872854 -11.16008975
  14.41037995   6.85679596  16.21659215   9.52392774   4.94366452  -8.66301599
  11.75200468 -10.22443785 -14.51286870  16.83370276  -0.68537551  -4.16775584
 -17.76543359 -16.96751354 -15.22138374   3.80506094   5.12430433  11.04235944
 -12.24360973   0.92518260  16.64637662 -15.78869797  -7.47465643 -10.45375323
   2.31007355  16.15087038  11.01156512  -2.59517701   6.23495229  -5.23764325
  11.33721249   2.25187446   2.43690293   3.73277760 -13.26209670  -7.97440580
 -15.61789456   5.03318063  -9.86665229 -15.11218836  -0.97868920  -4.11049075
  12.39406082  -5.94003286   2.82075965  -1.33393691   2.06370126   8.31088251
  -7.90207015 -14.58691087   6.49154172  -5.75264772  -4.90802541  11.12114864
 -16.75836316 -12.46417266   3.43731333  16.92330014   6.63287246   5.03069634
  15.61892057   8.72482852  -4.30856953   3.88153186  -7.10635977  16.32535569
   7.27876582   4.01235799  15.58924609 -16.12353437 -10.79323614  -6.42377154
   0.64815725   0.81315199  -5.28435381 -13.60119756  -4.19721814   7.69957232
  -1.32889080   3.48230213  16.29397938  10.43154121  -1.75318094  13.80768871
  -7.18287735   4.79836447  -5.34060153  13.39799449  -9.74978536  17.46337992
   0.88919256 -13.70011058  14.12959735 -10.26498720  -6.95915665   6.14833771
   4.21450179   5.54920002 -12.07119217  11.02939810   4.41298754  16.52712884
  -9.38223459  12.16079197  -7.82301417   0.72338727 -16.24900151  -4.26971709
   5.80666822  -8.20115156  -2.76628090 -15.79073062   8.09358720  -8.33537866
 -11.89096095  17.18854866  13.79932798 -14.36626629 -14.51989831   0.94603632
   9.22752023 -10.26534524   9.06350212  16.05693652 -13.55921042 -14.24855739
 -10.43842177   7.00154731   6.78548439  -8.50299154  -9.69812113   6.01852731
  -3.89506715 -16.96351996  -1.79626307  -1.47846221  -9.66024528  -9.82408366
  17.96431635  -2.73718512  -4.58518064   0.26861977  -9.76168055  -7.18896246
  -6.98573474   4.23973263  -7.53957367 -10.45751690  12.36518934   1.96022191
 -16.37984753  -9.91587209  -0.51187034   1.90955073   2.52296293 -10.34234333
  -6.69616489 -11.93605469   2.44655939  -3.86379437  14.50338644  -4.30928906
  -1.42858672  -5.62887746   8.41079935   5.22668614  14.34116126  13.07249363
   6.37572887  -8.79844885  16.88867771  -6.16192634  17.64331146   2.40919922
  18.10016833 -13.24467521   8.45799030 -15.74365045  -0.83993687 -13.85365172
  -2.96625504  15.59823627  -1.27378995  -8.42241769  -3.07660643 -15.22910732
 -12.73304823  10.18960654 -12.44173187   4.01528201  17.04505676  10.28867502
  -4.24878206   4.37801867  -0.79219748  -8.48469679 -18.61099671   0.79644785
 -16.86563183  -0.85143499 -12.56474447 -13.58782402  -5.03367631  -6.63365600
  -3.82321468 -15.99354439 -17.11406565 -13.32991935   5.99648796  -1.58449985
   7.11809881   7.25711719   5.73513891   2.50494697  11.69319118   4.62619285
  15.00807073   1.25943514   3.09821251  -7.22858873 -10.14944790 -16.37533035
   7.74339579   9.81626926 -10.21149689 -15.38302713  -4.91450770  10.36462466
  12.56936405   1.95813096   8.92108108  13.90168761  13.83409084  -2.79492172
  15.17860044  -0.59085709  15.53126005  10.23048555   0.34192719  12.70809849
   5.64088252  -6.83085179   4.58831387   5.92589147  15.44368986   2.00763543
   1.35137205 -11.04235210   3.83634669  14.86549340 -16.21188603  14.28219027
 -11.93684529  -7.89109650   1.98916134  14.17239192   0.33012805 -16.31706670
  -7.28641801 -16.70907686  -2.78492798  -3.44397635  -7.91064832  14.17840778
  -3.72441143  -8.56522880  15.58050959   3.62998622  -3.20596976 -12.62556397
  12.54268564   7.08302769  -0.02723930 -15.13304602   0.47368055  -2.61649695
  -1.24619080  -6.42264040  -5.73216216  14.00360959  -9.45544123   8.26539743
   8.27244143   2.97868944   6.27361942   6.30518671   9.24014219  13.96151783
  -3.50353569   3.62418844 -13.06939447 -14.34842187  13.71994250 -16.85920671
  -3.37539340  -9.45449208  15.31859319   9.88242913   8.31561827   9.51696104
  13.06562611   6.47674315   7.70814964 -10.15271384 -10.62112240 -12.19293423
  -0.21853379 -17.85037543   4.41130640  -8.72634143  -9.44712828   9.38865728
  12.68735654  15.14736713   4.28455102 -11.29347485   3.44595436   2.71165481
  -9.17146072   0.23722005 -16.95993034  -1.94936517   6.24300623  -2.75721323
  -0.28917598  -4.29307058 -12.47106267 -15.02635467   3.89252291  -7.76337624
   5.38397188  -5.70975446   2.01043422 -10.26610586   4.98131770   5.64998874
  -4.24375752   9.94822352 -16.33179230  -2.20916930   5.21408682   9.14233270
  -7.90226080  -4.16898609   6.23752516   4.78961283  11.05112480 -15.30588607
   1.71005669   0.81364169   9.56406134   2.07023661   3.63098585  -9.35703878
 -16.03692163  11.49040709 -16.55004360 -15.94859122   1.90159922  -7.56590916
  14.35944140  10.06052644 -16.03020869  -6.63796678  12.01637449   6.34975127
 -16.11882227  -2.88282939  13.60386262  13.54600858 -11.17265778  17.26548726
  15.28874373  11.68285808  -9.99111971  -6.07964498  11.13997901  -4.63660440
 -14.31731068  -1.88808850   5.26357587   7.81824277  11.19610485   2.62723469
  10.03279899   4.28498734 -11.97678024  -5.73919797   0.52684209   7.15863159
   1.18009369 -11.47912258 -15.51821169  15.14684031 -14.86423566  15.58571322
  -0.96841691  -1.57837931   9.58080546 -15.11361555 -14.93561172 -14.95266313
  -4.59530658 -15.70706125  -9.84434190 -11.96822082   8.29421340  -4.04455484
  -1.69512155   1.76417308  -9.68298401 -10.44175597   3.11394541   1.88906390
  14.37307981 -15.44202991  -0.32805161  -6.05452099   3.70871817  16.25424446
   3.85062194   3.97990963  -2.63220962  -0.73074008  14.21948556   0.21806118
 -11.89740333 -11.09953695  -1.47413945  14.90556821   7.60965998   9.86568677
  13.10418149  -3.63478137  18.31936433   3.06452611  15.08142815  -4.85659058
   8.21897844  -5.04986950  -0.02305517  -2.30806075 -18.39522512  12.50519878
  -5.50067425  12.28267212 -10.04715522  -7.74076564  -1.16092869  -8.63104987
   4.00359613 -13.91690802  11.01409910  14.59244845 -11.00147429  -0.42195025
 -13.90472852  15.27286296  17.07419347 -17.15811657 -13.57309262  -3.65917452
  14.33146208  -5.40784271   7.28483304   7.02563714  -4.71547429   6.08170190
   2.58681244  -9.21770285  11.06584274  -9.88168972   3.46037149  13.93295526
  -2.38401577   1.23735544  15.76773430  14.16037293  12.23037216  -1.71098306
  11.90039463   1.86894493  -0.64567712  13.54663703 -18.41006116  13.03575810
   9.32483583  -7.65508450   1.48333742   4.24508252 -12.20174435  -5.29655542
  18.32274518 -13.24687781  -7.09259674   0.44679913   0.08869021 -14.13986078
   8.81186326   3.33984681   6.62847936  17.97711663 -17.13564890  14.66918438
  -1.44431327  18.32259196  -4.01247243   5.65394502  11.09592476  -5.02299204
  -8.81150882  -7.71451959  15.85192349  11.05370464  16.92495460  -5.10952761
  11.94198003   3.81455411  -9.60029773  -9.32372399  -6.70790348  -4.00857410
   5.88629831 -12.01735158   8.04513124  13.32755618 -12.86680828  13.48760553
 -17.87106488   4.79866206 -14.47360851   1.92023423   6.99617857   8.33397592
 -11.43403007   1.05215846   5.79365786  16.41667881 -18.87065688   2.03710789
   7.00416667  -8.45792571   3.77787094   8.42459116  14.16242076 -15.69772565
 -11.24456505 -14.06575385 -12.40845542  11.92484768  -5.36171022  -9.01564889
  -1.42358380 -13.64551408   9.64109251  -6.98733669  14.70832160 -10.19758046
  -9.51348871  -7.09567804  -8.94372115  -4.65193193 -14.11614089   4.95476548
   2.40008638  -8.82221012   1.30814201  -7.96549618   7.19838700  -5.08933452
 -12.17642797   1.30415841  -2.84491659   9.29374666  15.17319944  -0.75710941
   6.16119486   7.78477766  -4.25275704   3.52570353   9.68961580  17.17395990
 -17.85547700  12.24209695   7.84985579  14.34789075   6.78527180 -15.03723517
   1.07401738  18.24205848  -3.47007823 -11.48187398   9.65212175  11.70637098
  -3.98885387 -13.64336114  -3.58297721   7.70833319  -8.93942187  12.83032676
  -4.94506434  12.62802376   6.86979218  -3.08167173   5.54291661  -7.54580506
 -14.63067445  -9.54542146   5.68356591  10.05528397  11.22264133 -10.61798567
   2.04532055   9.06850036  16.14751256  -6.62690274  -5.14137704 -14.53056353
   7.79347779 -17.01453272 -10.37876295   0.51099339  -5.72961343 -14.34442225
   0.55136855 -14.28652203 -16.27419721  -6.74528502 -10.01475891  10.73778821
   9.04705050   1.34211587  -9.52797912  -3.00023102   4.37511763  17.98123432
  17.37839496  -0.50650481   0.44089747 -12.29132959  10.70102960 -13.42945786
 -11.86356841  10.99358661  -0.51845642 -14.51848247  11.08068098 -10.56507041
 -11.29853940 -16.79397585 -10.53810252  -5.04398491   8.78021587   9.77567778
   8.15974496   8.68334139   0.27644444  12.31305641   9.00088275   4.43005778
   2.87689752  -1.55625011  13.08735230  -1.18730119 -15.56576379  13.15920556
 -13.22213573   5.49124945  -1.98207458   9.57536896  -0.00897791  -1.20428113
  -1.74578055  -9.58567625  12.60945292   3.45864192 -12.05831988 -16.85968837
  13.93775483   2.92172379  12.98408117  13.88252400  -4.27582369   8.66269700
  -2.63287464  -0.48359291   1.02569391 -14.19354217  14.66363539   4.60452760
   2.60979401 -13.01835059 -13.33629065  -7.39901433   7.87097651  -8.54930861
  18.87237731  14.49957955   9.55133996  -0.87863515  11.56751025  -1.41839772
 -14.04445984   3.54637188   7.05665009  18.53786980   1.04263621  14.29840824
  17.95328405  -3.23303059 -13.16505367   5.23152179  -1.45220484 -11.00075769
 -11.65808728  -3.92643311  12.16200045  17.37026190   9.93954076   8.68123354
  -8.96872795   8.55948160 -17.03224669 -15.88877841  -3.39540824   1.88246921
  -6.68125371  -9.16388407 -10.88026277  15.51685511 -12.66420767  10.74598548
   3.99993683  -5.92114514  -1.28811019  -7.00468091   6.10227285  -8.81109484
  -2.59508590  -5.03588729  14.51230062  -6.07254198  13.00532108   7.05600590
  18.28076700  -6.42371631   4.21902178  -6.63971035   5.87018164 -17.44366472
  10.06179924 -16.89348523   8.17567365   0.66375912  17.18994482 -14.47782980
   7.05700499 -10.21164993  -0.39410981 -10.25321971 -16.52180822 -16.53121121
  -7.13444759  -8.04763568  -6.48911805  -6.67354380   4.30561177   0.52247307
   3.00608654 -10.46269669 -13.06667863 -18.23378711  12.53069149  -3.80356623
  11.72913966  13.03241805 -14.21005298  -5.96792463 -16.00531980  -3.35950863
   5.03593911   8.47685833  -1.49774700  -7.85423633  16.33419033  12.69834418
  10.46382619   1.51437297  15.19965201   9.93748229   3.75347332 -14.43121642
   9.29720122  -7.29537322 -11.33978011   7.83945134   5.19656833  12.11576805
  -5.59723826   7.66877163  -8.70825489  13.25451224   8.14817583  18.71732957
  12.32176596   6.84671148  -7.93824768  10.83826606 -11.65441644 -13.31674611
  16.52865736  -2.49167029  -3.81101050 -16.65008792 -17.91120975 -13.04966493
   3.00068778   2.96966776  13.31059969 -12.13646887   3.31664192  15.39222085
 -17.14506129  -9.25375377 -10.57056449   2.99618112  16.06822634  12.77306179
  -3.55775534   8.36516378  -4.97312007  13.95385925  -0.42933366   0.04237142
   2.42563731 -10.80539930  -8.13717094 -14.48645973   3.26218909 -11.50089192
 -14.22973932   1.33112588  -5.32530864  12.31049893  -4.41897450   2.38820946
  -0.13599085   0.07586669  10.57133775  -9.14391002 -16.20735248   5.59292858
  -3.34281739  -4.47999601  11.64126803 -15.55880274 -11.88692133   5.71650464
  17.94088712   9.44841307   3.98477050  14.01076681   8.17493237  -5.90520718
   4.58425955  -8.13199766  13.78034604   9.62712696   2.40375924  18.36526062
 -17.88033761 -12.57386027  -5.53107796   0.98605111   2.34350169  -5.62994268
 -15.19932705  -5.54289527   8.07322480  -2.22712175   3.73112045  18.63631257
   8.98869755  -0.33705190  16.52503176  -7.83000889   3.59918307  -4.78392221
  11.50718724 -12.19060946  15.05228106   0.57683100 -12.46281392  15.91278249
  -7.75949521  -6.24895902   5.40791242   3.59042644   6.88384633 -12.48040861
   8.51060282   6.48010376  18.15330889  -7.40960739  13.87650193  -9.76542807
   1.38223441 -16.75798440  -6.34157155   3.44395286 -10.94119808  -2.22479337
 -18.02226813   8.66677678  -8.37223365 -14.40646173  19.34165600  15.71707106
 -13.39886542 -15.21514972  -0.25171731   7.87846177  -7.71651446   6.64302959
  15.49118291 -14.36859988 -12.43266233 -12.36216891   6.11574739   8.86520508
  -7.95544157  -8.76703691   4.96946116  -6.46938779 -16.76879296  -1.08937321
  -1.63136268 -12.03990108 -10.75552473  18.04539479  -4.30103157  -5.15447572
   1.93909425 -11.29418401  -7.36696880  -7.04487453   2.25604351  -5.89983595
 -12.72706312  14.26802811   3.75896366 -19.04763690  -9.30519500  -0.33097326
   3.77037414  -0.30221150 -10.70117988  -6.05401992 -10.12424274   3.22101285
  -1.83360330  16.62617958  -6.43587320  -3.44735296  -4.96514958  10.80562747
   7.07367604  12.47452071  11.29967747   8.73056922  -6.64803199  14.17940504
  -5.56699170  18.89532749   0.11141904  16.01421877 -15.10981180   7.80927411
 -14.47669575  -0.69066094 -15.53918759  -5.35745644  15.31278688  -1.71822295
  -7.47382349  -5.43007283 -14.49243790 -14.03608808  12.16301279 -14.51060099
   5.15544746  15.79830197   8.04876008  -3.86267233   2.56159527  -1.43429868
  -8.53798356 -16.62136143   0.74524901 -14.90779497   0.94448615 -15.06784270
 -11.10982599  -3.98933600  -9.35253770  -1.43497301 -16.97392503 -19.56365193
 -15.40499268   4.32020398  -0.84711942   5.41768883   8.59739311   6.87247539
   4.75645974  10.07193137   6.05766934  15.89361660   1.56509649   4.51401431
  -9.74949053 -11.41004086 -18.40894154   5.72952092  12.37064820 -11.25229158
 -17.05283346  -2.34778043   8.02165137  11.44887979   3.36033136   7.81444351
  11.58026495  15.64997539  -3.42636280  13.29216276  -1.96215668  15.24028005
  11.48263412  -1.90312224  10.02875529   7.10827200  -6.99830162   3.42642020
   3.59057483  18.14202435   2.92103021  -1.10804765 -13.65521730   5.06930445
  16.18635864 -17.18524916  15.54762356  -9.13459548  -7.40781411   3.39422025
  11.84097765   1.49326901 -19.05656823  -8.71575096 -17.55853352  -3.85362204
  -5.41865708  -6.87264604  12.24851059  -5.00073374  -9.49001431  16.87486103
   3.05971782  -1.11938994 -11.94205438  12.75767952   8.21294245  -0.97471161
 -17.83731759   0.27384489  -2.53252059   0.68224704  -6.88062195  -7.60401981
  13.90348287 -12.06724074   9.28524831  10.60666766   1.91445730   6.95919537
   8.91998049   8.27469275  14.96015815  -3.31926249   3.23759258 -11.08624753
 -12.37547958  13.00008012 -14.71119578  -5.41641108 -10.26302871  12.51907193
  10.41393221   8.66895088   8.83082677  12.57866497   5.51771525   8.09801198
 -12.69517780 -12.77101751 -11.57039102  -1.00600654 -16.79736490   6.93359658
 -11.49010113  -7.62016337  12.21326219  14.91660280  15.59429204   2.71746717
  -9.17399699   3.21995134   1.56517329 -10.02493085  -1.49577578 -16.64762833
  -4.44852804   6.30025507  -4.26326673   1.36242916  -4.35311938  -9.91812669
 -17.06725066   5.52649882  -9.98108425   7.88592403  -6.91343651   1.20918087
 -11.79597563   3.82674437   5.22557508  -2.11537325  11.62595061 -14.80559006
  -4.66112316   4.13637322   6.74778572  -9.44847492  -1.72731057   8.08673447
   2.22413930  13.88700091 -14.76370830   3.58692925  -1.35168333   8.76275523
   1.74474011   3.38096376  -6.67950665 -13.90729470  12.81977300 -18.05603928
 -15.23324432   0.85922752  -7.27889446  13.50558604   9.65045669 -18.78490453
  -4.89746157  13.55983337   4.03646855 -17.30344018  -2.67195269  13.28341952
  11.71950519 -10.54372048  18.91178305  13.89556410  11.09022877 -11.95485783
  -7.58082848  11.52591199  -1.97995682

      0      0      0      0      0      0      0      0      0      0      0
      0      0      0      0      0      0      0      0      0      0      0
      0      0      0      0      0      0      1      0      0      0      0
      0      0      0      0      0      0      0      0      0      1      0
      1      0      2      0      0      0      1      1      1      0      0
      0      0      1      0      0      0      0      0      0      0      1
      1      0      0      0      0      0      1      2      0      2      0
      1      2      0      0      2      3      0      0      0      1      1
      2      2      2      0      2      0      1      1      1      0      0
      0      0      0      0      0      0      0      0      0      0      0
      0      0      0      0      0      0      0      0      0      0      0
      0      0      0      0      0      0      0      0      0      2      0
      0      0      0      0      0      0      0      0      0      1      1
      1      1      0      0      0      0      0      0      0      0      0
      1      1      0      0      1      0      0      0      0      0      0
      1      2      3      0      0      0      1      0      0      0      0
      0      2      0      1      1      0      2      1      2      0      0
      1      2      2      0      1      1      0      1      0      0      1
      1      1      0      0      0      0      0      0      0      0      0
      0      0      0      0      0      0      0      0      0      0      0
      0      1      0      0      0      0      0      0      0      0      0
      0      0      1      0      0      0      1      0      0      0      0
      0      1      0      0      0      0      1      1      0      1      0
      0      0      0      0      2      0      0      0      0      1      0
      1      0      0      1      2      0      1      0      0      2      0
      0      0      1      2      0      1      0      0      0      1      0
      1      1      2      0      0      0      2      0      0      0      1
      0      0      2      0      0      0      0      0      0      0      0
      0      0      0      0      0      0      0      0      0      0      0
      0      0      0      0      0      0      0      0      0      0      0
      0      0      1      0      0      0      0      1      1      0      0
      0      1      1      0      1      1      0      1      0      0      0
      0      0      0      0      1      0      0      0      0      0      0
      1      0      1      1      1      0      0      1      0      0      0
      3      1      2      0      0      1      0      1      0      0      0
      0      0      2      1      1      1      3      1      0      1      1
      0      0      0      0      0      0      0      0      0      0      0
      0      0      0      0      0      0      0      0      0      0      0
      0      0      0      0      0      0      0      0      0      0      1
      0      0      0      0      0      0      0      1      0      0      0
      2      0      0      1      0      0      1      0      0      0      0
      0      0      1      0      0      1      0      0      2      0      1
      1      0      0      1      1      0      0      0      1      0      0
      1      0      0      1      0      0      2      2      0      0      1
      0      1      0      0      0      1      0      0      2      0      1
      0      1      1      0      1      0      0      0      0      0      0
      0      0      0      0      0      0      0      0      0      0      0
      0      0      0      0      0      0      0      0      0      0      0
      0      0      0      1      0      0      0      0      2      1      0
      0      0      0      0      1      0      0      0      2      0      0
      0      0      0      0      1      0      1      0      0      0      0
      0      2      0      0      0      0      2      1      0      1      0
      0      1      0      0      0      1      1      0      0      0      1
      0      0      2      0      2      1      1      0      1      1      0
      1      0      1      0      0      0      0      0      0      0      0
      0      0      0      0      0      0      0      0      0      0      0
      0      0      0      0      0      0      0      0      0      0      0
      0      0      0      0      0      0      0      0      0      0      0
      0      0      0      0      0      0      0      0      0      0      0
      0      0      0      0      0      0      0      0      0      0      0
      0      0      0      0      0      0      0      0      0      0      0
      0      0      0      0      0      0      0      0      0      0      0
      0      0      0      0      0      0      0      0      0      0      0
      0      0      0      0      0      0      0      0      0      0      0
      0      0      0      0      0      0      0      0      0      0      0
      0      0      0      0      0      0      0      0      0      0      0
      0      0      0      0      0      0      0      0      0      0      0
      0      0      0      0      0      0      0      0      0      0      0
      0      0      0      0      0      0      0      0      0      0      0
      0      0      0      0      0      0      0      0      0      0      0
      0      0      0      0      0      0      0      0      0      0      0
      0      0      0      0      0      0      0      0      0      0      0
      0      0      0      0      0      0      0      0      0      0      0
      0      0      0      0      0      0      0      0      0      0      0
      0      0      0      0      0      0      0      0      0      0      0
      0      0      0      0      0      0      0      0      0      0      0
      0      0      0      0      0      0      0      0      0      0      0
      0      0      0      0      0      0      0      0      0      0      0
      0      0      0      0      0      0      0      0      0      0      0
      0      0      0      0      0      0      0      0      0      0      0
      0      0      0      0      0      0      0      0      0      0      0
      0      0      0      0      0      0      0      0      0      0      0
      0      0      0      0      0      0      0      0      0      0      0
      0      0      0      0      0      0      0      0      0      0      0
      0      0      0      0      0      0      0      0      0      0      0
      0      0      0      0      0      0      0      0      0      0      0
      0      0      0      0      0      0      0      0      0      0      0
      0      0      0      0      0      0      0      0      0      0      0
      0      0      0      0      0      0      0      0      0      0      0
      0      0      0      0      0      0      0      0      0      0      0
      0      0      0      0      0      0      0      0      0      0      0
      0      0      0      0      0      0      0      0      0      0      0
      0      0      0      0      0      0      0      0      0      0      0
      0      0      0      0      0      0      0      0      0      0      0
      0      0      0      0      0      0      0      0      0      0      0
      0      0      0      0      0      0      0      0      0      0      0
      0      0      0      0      0      0      0      0      0      0      0
      0      0      0      0      0      0      0      0      0      0      0
      0      0      0      0      0      0      0      0      0      0      0
      0      0      0      0      0      0      0      0      0      0      0
      0      0      0      0      0      0      0      0      0      0      0
      0      0      0      0      0      0      0      0      0      0      0
      0      0      0      0      0      0      0      0      0      0      0
      0      0      0      0      0      0      0      0      0      0      0
      0      0      0      0      0      0      0      0      0      0      0
      0      0      0      0      0      0      0      0      0      0      0
      0      0      0      0      0      0      0      0      0      0      0
      0      0      0      0      0      0      0      0      0      0      0
      0      0      0      0      0      0      0      0      0      0      0
      0      0      0      0      0      0      0      0      0      0      0
      0      0      0      0      0      0      0      0      0      0      0
      0      0      0      0      0      0      0      0      0      0      0
      0      0      0      0      0      0      0      0      0      0      0
      0      0      0      0      0      0      0      0      0      0      0
      0      0      0      0      0      0      0      0      0      0      0
      0      0      0      0      0      0      0      0      0      0      0
      0      0      0      0      0      0      0      0      0      0      0
      0      0      0      0      0      0      0      0      0      0      0
      0      0      0      0      0      0      0      0      0      0      0
      0      0      0      0      0      0      0      0      0      0      0
      0      0      0      0      0      0      0      0      0      0      0
      0      0      0      0      0      0      0      0      0      0      0
      0      0      0      0      0      0      0      0      0      0      0
      0      0      0      0      0      0      0      0      0      0      0
      0      0      0      0      0      0      0      0      0      0      0
      0      0      0      0      0      0      0      0      0      0      0
      0      0      0      0      0      0      0      0      0      0      0
      0      0      0      0      0      0      0      0      0      0      0
      0      0      0      0      0      0      0      0      0      0      0
      0      0      0      0      0      0      0      0      0      0      0
      0      0      0      0      0      0      0      0      0      0      0
      0      0      0      0      0      0      0      0      0      0      0
      0      0      0      0      0      0      0      0      0      0      0
      0      0      0      0      0      0      0      0      0      0      0
      0      0      0      0      0      0      0      0      0      0      0
      0      0      0      0      0      0      0      0      0      0      0
      0      0      0      0      0      0      0      0      0      0      0
      0      0      0      0      0      0      0      0      0      0      0
      0      0      0      0      0      0      0      0      0      0      0
      0      0      0      0      0      0      0      0      0      0      0
      0      0      0      0      0      0      0      0      0      0      0
      0      0      0      0      0      0      0      0      0      0      0
      0      0      0      0      0      0      0      0      0      0      0
      0      0      0      0      0      0      0      0      0      0      0
      0      0      0      0      0      0      0      0      0      0      0
      0      0      0      0      0      0      0      0      0      0      0
      0      0      0      0      0      0      0      0      0      0      0
      0      0      0      0      0      0      0      0      0      0      0
      0      0      0      0      0      0      0      0      0      0      0
      0      0      0      0      0      0      0      0      0      0      0
      0      0      0      0      0      0      0      0      0      0      0
      0      0      0      0      0      0      0      0      0      0      0
      0      0      0      0      0      0      0      0      0      0      0
      0      0      0      0      0      0      0      0      0      0      0
      0      0      0      0      0      0      0      0      0      0      0
      0      0      0      0      0      0      0      0      0      0      0
      0      0      0      0      0      0      0      0      0      0      0
      0      0      0      0      0      0      0      0      0      0      0
      0      0      0      0      0      0      0      0      0      0      0
      0      0      0      0      0      0      0      0      0      0      0
      0      0      0      0      0      0      0      0      0      0      0
      0      0      0      0      0      0      0      0      0      0      0
      0      0      0      0      0      0      0      0      0      0      0
      0      0      0      0      0      0      0      0      0      0      0
      0      0      0      0      0      0      0      0      0      0      0
      0      0      0      0      0      0      0      0      0      0      0
      0      0      0      0      0      0      0      0      0      0      0
      0      0      0      0      0      0      0      0      0      0      0
      0      0      0      0      0      0      0      0      0      0      0
      0      0      0      0      0      0      0      0      0      0      0
      0      0      0      0      0      0      0      0      0      0      0
      0      0      0      0      0      0      0      0      0      0      0
      0      0      0      0      0      0      0      0      0      0      0
      0      0      0      0      0      0      0      0      0      0      0
      0      0      0      0      0      0      0      0      0      0      0
      0      0      0      0      0      0      0      0      0      0      0
      0      0      0      0      0      0      0      0      0      0      0
      0      0      0      0      0      0      0      0      0      0      0
      0      0      0      0      0      0      0      0      0      0      0
      0      0      0      0      0      0      0      0      0      0      0
      0      0      0      0      0      0      0      0      0      0      0
      0      0      0      0      0      0      0      0      0      0      0
      0      0      0      0      0      0      0      0      0      0      0
      0      0      0      0      0      0      0      0      0      0      0
      0      0      0      0      0      0      0      0      0      0      0
      0      0      0      0      0      0      0      0      0      0      0
      0      0      0      0      0      0      0      0      0      0      0
      0      0      0      0      0      0      0      0      0      0      0
      0      0      0      0      0      0      0      0      0      0      0
      0      0      0      0      0      0      0      0      0      0      0
      0      0      0      0      0      0      0      0      0      0      0
      0      0      0      0      0      0      0      0      0      0      0
      0      0      0      0      0      0      0      0      0      0      0
      0      0      0      0      0      0      0      0      0      0      0
      0      0      0      0      0      0      0      0      0      0      0
      0      0      0      0      0      0      0      0      0      0      0
      0      0      0      0      0      0      0      0      0      0      0
      0      0      0      0      0      0      0      0      0      0      0
      0      0      0      0      0      0      0      0      0      0      0
      0      0      0      0      0      0      0      0      0      0      0
      0      0      0      0      0      0      0      0      0      0      0
      0      0      0      0      0      0      0      0      0      0      0
      0      0      0      0      0      0      0      0      0      0      0
      0      0      0      0      0      0      0      0      0      0      0
      0      0      0      0      0      0      0      0      0      0      0
      0      0      0      0      0      0      0      0      0      0      0
      0      0      0      0      0      0      0      0      0      0      0
      0      0      0      0      0      0      0      0      0      0      0
      0      0      0      0      0      0      0      0      0      0      0
      0      0      0      0      0      0      0      0      0      0      0
      0      0      0      0      0      0      0      0      0      0      0
      0      0      0      0      0      0      0      0      0      0      0
      0      0      0      0      0      0      0      0      0      0      0
      0      0      0      0      0      0      0      0      0      0      0
      0      0      0      0      0      0      0      0      0      0      0
      0      0      0      0      0      0      0      0      0      0      0
      0      0      0      0      0      0      0      0      0      0      0
      0      0      0      0      0      0      0      0      0      0      0
      0      0      0      0      0      0      0      0      0      0      0
      0      0      0      0      0      0      0      0      0      0      0
      0      0      0      0      0      0      0      0      0      0      0
      0      0      0      0      0      0      0      0      0      0      0
      0      0      0      0      0      0      0      0      0      0      0
      0      0      0      0      0      0      0      0      0      0      0
      0      0      0      0      0      0      0      0      0      0      0
      0      0      0      0      0      0      0      0      0      0      0
      0      0      0      0      0      0      0      0      0      0      0
      0      0      0      0      0      0      0      0      0      0      0
      0      0      0      0      0      0      0      0      0      0      0
      0      0      0      0      0      0      0      0      0      0      0
      0      0      0      0      0      0      0      0      0      0      0
      0      0      0      0      0      0      0      0      0      0      0
      0      0      0      0      0      0      0      0      0      0      0
      0      0      0      0      0      0      0      0      0      0      0
      0      0      0      0      0      0      0      0      0      0      0
      0      0      0      0      0      0      0      0      0      0      0
      0      0      0      0      0      0      0      0      0      0      0
      0      0      0      0      0      0      0      0      0      0      0
      0      0      0      0      0      0      0      0      0      0      0
      0      0      0      0      0      0      0      0      0      0      0
      0      0      0      0      0      0      0      0      0      0      0
      0      0      0      0      0      0      0      0      0      0      0
      0      0      0      0      0      0      0      0      0      0      0
      0      0      0      0      0      0      0      0      0      0      0
      0      0      0      0      0      0      0      0      0      0      0
      0      0      0      0      0
      0      0      0      0      0      0      0      0      1      0      0
      0      1      1      1      0      1      1      1      8    249      1
      1      0      0      0      0      0      0      0      0      0      0
      0      0      0      0      0      0      0      0      0      0      0
      0      0      0      0      0      0      0      0      0      0      0
      0      0      0      0      0    267      0      0      0      0      0
      0      0      0      0      0      0      0      0      0      0      0
      0      0      0      0      0      0      0      0      0      0      0
      0      0      0      0      0      0      0      0      0      0      0
      0
   1798   1964   1968   1855   1833   1900   1831   1782   1903   1914   1897
   1831   1840   1807   1862   1919   1850   1839   1828   1841   1918   1872
   1719   1872   1924   1881   1938   1856   1927   1914   1955   1877   1827
   1875   1874   1947   1830   1809   1864   1890   1892   1813   1833   1879
   1863   1929   1858   1886   1858   1836   1871   1777   1872   1858   1907
   1829   1841   1887   1898   1815   1872   1861   1864   1861   1847   1767
   1973   1915   1794   1968   1911   1819   1897   1872   1839   1828   1970
   1820   1805   1838   1894   1939   1837   1851   1822   1774   1924   1843
   1875   1915   1883   2019   1867   1860   1918   1836   1896   1901   1931
   1895   1838   1909   1898   1827   1858   1767   1852   1875   1889   1866
   1802   1812   1905   1966   1786   1911   1796   1872   1868   1832   1830
   1897   1919   1892   1898   1751   1930   1844   1909   1877   1764   1844
   1921   1854   1792   1866   1867   1834   1851   1866   1847   1890   1923
   1900   1888   1969   1850   1775   1798   1843   1909   1887   1820   1921
   1812   1826   1914   1896   1851   1839   1910   1916   1870   1878   1922
   1860   1914   1892   1886   1824   1877   1924   1947   1868   1898   1848
   1811   1931   1927   1825   1835   1863   1896   1890   1857   1920   1852
   1905   1947   1921   1961   1857   1803   1853   1901   1862   1848   1882
   1874   1871   1943   1955   1881   1862   1777   1841   1926   1839   1877
   1809   1846   1796   1888   1853   1976   1844   1768   1944   1882   1875
   1906   1827   1841   1891   1830   1858   1911   1816   1941   1861   1890
   1864   1881   1870   1870   1911   1710   1888   1999   1893   1856   1956
   1915   1861   1890   1841   1912   1887   1878   1897   1823   1847   1900
   1884   1902   1857   1942   1837   1806   1919   1851   1851   1898   1881
   1880   1898   1933    537    537    593    608    570    581    582    592
    485    431    499    675    477    437    509    436    539    620    481
    556    529    625    452    503    535    463    525    502    550    485
    473    599    420    530    485    443    531    498    514    588    562
    426    464    518    506    544    550    506    441    483    564    546
    534    594    512    392    544    471    438    439    476    641    490
    460    492    413    556    597    410    509    516    512    468    426
    488    431    432    481    452    381    411    393    490    536    627
    508    563    452    585    524    457    584    582    582    550    460
    533    431    433    484    492    563    579    477    475    439    556
    507    495    459    417    449    571    604    529    558    562    583
    499    475    423    513    595    549    443    543    495    522    538
    481    475    416    473    490    531    414    523    432    525    552
    569    497    509    461    678    540    526    510    477    520    481
    397    459    603    457    464    542    517    583    523    503    520
    515    398    516    438    563    511    583    523    541    554    488
    485    672    427    477    489    520    520    491    538    523    515
    449    434    540    471    483    418    461    600    439    512    500
    449    486    491    638    497    577    525    588    638    503    518
    440    488    513    498    529    508    497    478    534    501    509
    453    585    501    500    545    451    475    475    466    544    472
    467    435    534    582    607    523    600    493    498    554    611
    530    472    497    442    504    573    492    554    397    480    519
    454    497    529    476    539    470    455    462    427    542    571
    562    521    470    508    418    585
11111111111111111111111111111111111111111111111111111111111111111111111111111111
11111111111111111111111111111111111111111111111111111111111111111111111111111111
11111111111111111111111111111111111111111111111111111111111111111111111111111111
111111111111111111111111111
      0      0      0      0      0      0      0      0      0      0      0
      0      0      0      0      0      0      0      0      0      0      0
      0      0      0      0      0      0      0      0      0      0      0
      0      0      0      0      0      0      0      0      0      0      0
      0      0      0      0      0      0
