


                     cyclopropyl benzene          

              Results Summary for Scanning Dihedral Angle   15

             Phi,          Dipole,         E(Phi),         Delta E
             0.000,        0.53464,       18.09869,        0.00000
            10.000,        0.53449,       18.27257,        0.17388
            20.000,        0.53413,       18.71579,        0.61710
            30.000,        0.53458,       19.16215,        1.06346
            40.000,        0.53632,       19.28305,        1.18436
            50.000,        0.53647,       19.10577,        1.00708
            60.000,        0.53503,       18.84166,        0.74297
            70.000,        0.53325,       18.62022,        0.52154
            80.000,        0.53192,       18.48598,        0.38729
            90.000,        0.53141,       18.44225,        0.34356
           100.000,        0.53190,       18.48598,        0.38729
           110.000,        0.53321,       18.62022,        0.52153
           120.000,        0.53502,       18.84166,        0.74297
           130.000,        0.53644,       19.10577,        1.00708
           140.000,        0.53632,       19.28305,        1.18436
           150.000,        0.53458,       19.16215,        1.06346
           160.000,        0.53412,       18.71579,        0.61710
           170.000,        0.53450,       18.27257,        0.17388
           180.000,        0.53465,       18.09869,        0.00000
           190.000,        0.53449,       18.27257,        0.17388
           200.000,        0.53410,       18.71579,        0.61710
           210.000,        0.53458,       19.16215,        1.06346
           220.000,        0.53634,       19.28305,        1.18436
           230.000,        0.53646,       19.10577,        1.00708
           240.000,        0.53502,       18.84166,        0.74297
           250.000,        0.53324,       18.62022,        0.52154
           260.000,        0.53190,       18.48598,        0.38729
           270.000,        0.53141,       18.44225,        0.34356
           280.000,        0.53189,       18.48598,        0.38729
           290.000,        0.53325,       18.62022,        0.52154
           300.000,        0.53503,       18.84166,        0.74297
           310.000,        0.53644,       19.10577,        1.00708
           320.000,        0.53630,       19.28305,        1.18436
           330.000,        0.53458,       19.16215,        1.06346
           340.000,        0.53411,       18.71579,        0.61710
           350.000,        0.53448,       18.27257,        0.17388
           360.000,        0.53464,       18.09869,        0.00000
