


                     ethylbenzene                 

              Results Summary for Scanning Dihedral Angle   15

             Phi,          Dipole,         E(Phi),         Delta E
             0.000,        0.57962,        5.01061,        1.36886
            10.000,        0.57981,        4.98905,        1.34730
            20.000,        0.58020,        4.91578,        1.27403
            30.000,        0.58024,        4.77021,        1.12846
            40.000,        0.57954,        4.53792,        0.89617
            50.000,        0.57796,        4.24451,        0.60276
            60.000,        0.57593,        3.96946,        0.32771
            70.000,        0.57411,        3.77808,        0.13633
            80.000,        0.57300,        3.67420,        0.03245
            90.000,        0.57257,        3.64175,        0.00000
           100.000,        0.57299,        3.67420,        0.03245
           110.000,        0.57412,        3.77808,        0.13633
           120.000,        0.57594,        3.96946,        0.32771
           130.000,        0.57798,        4.24451,        0.60276
           140.000,        0.57954,        4.53792,        0.89617
           150.000,        0.58025,        4.77021,        1.12846
           160.000,        0.58020,        4.91578,        1.27403
           170.000,        0.57981,        4.98905,        1.34730
           180.000,        0.57961,        5.01061,        1.36886
           190.000,        0.57981,        4.98905,        1.34730
           200.000,        0.58019,        4.91578,        1.27403
           210.000,        0.58023,        4.77021,        1.12846
           220.000,        0.57953,        4.53792,        0.89617
           230.000,        0.57798,        4.24451,        0.60276
           240.000,        0.57593,        3.96946,        0.32771
           250.000,        0.57411,        3.77808,        0.13633
           260.000,        0.57299,        3.67420,        0.03245
           270.000,        0.57260,        3.64175,        0.00000
           280.000,        0.57296,        3.67420,        0.03245
           290.000,        0.57410,        3.77808,        0.13633
           300.000,        0.57593,        3.96945,        0.32771
           310.000,        0.57798,        4.24451,        0.60276
           320.000,        0.57952,        4.53792,        0.89617
           330.000,        0.58021,        4.77021,        1.12846
           340.000,        0.58021,        4.91578,        1.27403
           350.000,        0.57982,        4.98905,        1.34730
           360.000,        0.57962,        5.01060,        1.36886
