


                       2-fluorophenol             

              Results Summary for Scanning Dihedral Angle   15

             Phi,          Dipole,         E(Phi),         Delta E
             0.000,        1.95136,        2.53584,        0.00000
             5.000,        1.95411,        2.58267,        0.04683
            10.000,        1.96360,        2.72179,        0.18595
            15.000,        1.97933,        2.94923,        0.41339
            20.000,        2.00217,        3.25858,        0.72274
            25.000,        2.03260,        3.64131,        1.10547
            30.000,        2.07118,        4.08716,        1.55132
            35.000,        2.11824,        4.58450,        2.04866
            40.000,        2.17391,        5.12072,        2.58488
            45.000,        2.23814,        5.68255,        3.14671
            50.000,        2.31050,        6.25643,        3.72059
            55.000,        2.39046,        6.82876,        4.29292
            60.000,        2.47719,        7.38625,        4.85041
            65.000,        2.56977,        7.91618,        5.38035
            70.000,        2.66730,        8.40680,        5.87096
            75.000,        2.76780,        8.84760,        6.31176
            80.000,        2.87045,        9.22979,        6.69395
            85.000,        2.97337,        9.54660,        7.01076
            90.000,        3.07532,        9.79360,        7.25776
            95.000,        3.17457,        9.96890,        7.43306
           100.000,        3.26988,       10.07321,        7.53737
           105.000,        3.36046,       10.10972,        7.57388
           110.000,        3.44528,       10.08379,        7.54795
           115.000,        3.52392,       10.00262,        7.46678
           120.000,        3.59587,        9.87472,        7.33888
           125.000,        3.66128,        9.70954,        7.17370
           130.000,        3.71989,        9.51695,        6.98111
           135.000,        3.77206,        9.30696,        6.77112
           140.000,        3.81792,        9.08933,        6.55349
           145.000,        3.85767,        8.87334,        6.33750
           150.000,        3.89152,        8.66759,        6.13175
           155.000,        3.91975,        8.47978,        5.94394
           160.000,        3.94257,        8.31665,        5.78081
           165.000,        3.96008,        8.18381,        5.64797
           170.000,        3.97251,        8.08570,        5.54986
           175.000,        3.97998,        8.02555,        5.48971
           180.000,        3.98240,        8.00528,        5.46944
           185.000,        3.97995,        8.02555,        5.48971
           190.000,        3.97231,        8.08570,        5.54986
           195.000,        3.96004,        8.18381,        5.64797
           200.000,        3.94254,        8.31665,        5.78081
           205.000,        3.91971,        8.47978,        5.94394
           210.000,        3.89151,        8.66759,        6.13175
           215.000,        3.85764,        8.87334,        6.33750
           220.000,        3.81793,        9.08933,        6.55349
           225.000,        3.77209,        9.30696,        6.77112
           230.000,        3.71986,        9.51695,        6.98111
           235.000,        3.66126,        9.70954,        7.17370
           240.000,        3.59595,        9.87472,        7.33888
           245.000,        3.52388,       10.00262,        7.46678
           250.000,        3.44539,       10.08379,        7.54795
           255.000,        3.36049,       10.10972,        7.57388
           260.000,        3.26995,       10.07321,        7.53737
           265.000,        3.17452,        9.96890,        7.43306
           270.000,        3.07520,        9.79360,        7.25776
           275.000,        2.97351,        9.54660,        7.01076
           280.000,        2.87041,        9.22979,        6.69395
           285.000,        2.76788,        8.84760,        6.31176
           290.000,        2.66728,        8.40680,        5.87096
           295.000,        2.56997,        7.91619,        5.38035
           300.000,        2.47732,        7.38625,        4.85041
           305.000,        2.39041,        6.82876,        4.29292
           310.000,        2.31045,        6.25643,        3.72059
           315.000,        2.23816,        5.68255,        3.14671
           320.000,        2.17399,        5.12072,        2.58488
           325.000,        2.11823,        4.58450,        2.04866
           330.000,        2.07123,        4.08716,        1.55132
           335.000,        2.03265,        3.64131,        1.10547
           340.000,        2.00222,        3.25858,        0.72274
           345.000,        1.97936,        2.94923,        0.41339
           350.000,        1.96359,        2.72179,        0.18595
           355.000,        1.95428,        2.58267,        0.04683
           360.000,        1.95136,        2.53584,        0.00000
