


                         t-butyl benzene          

              Results Summary for Scanning Dihedral Angle   15

             Phi,          Dipole,         E(Phi),         Delta E
             0.000,        0.60222,        1.65035,        0.00000
            10.000,        0.60195,        1.81179,        0.16143
            20.000,        0.60158,        2.11823,        0.46787
            30.000,        0.60149,        2.26459,        0.61424
            40.000,        0.60169,        2.12230,        0.47194
            50.000,        0.60208,        1.81453,        0.16418
            60.000,        0.60216,        1.65036,        0.00000
            70.000,        0.60182,        1.81501,        0.16465
            80.000,        0.60154,        2.12102,        0.47067
            90.000,        0.60148,        2.26460,        0.61425
           100.000,        0.60154,        2.12102,        0.47067
           110.000,        0.60181,        1.81501,        0.16465
           120.000,        0.60219,        1.65036,        0.00000
           130.000,        0.60208,        1.81453,        0.16418
           140.000,        0.60170,        2.12230,        0.47195
           150.000,        0.60148,        2.26459,        0.61424
           160.000,        0.60153,        2.11823,        0.46787
           170.000,        0.60192,        1.81179,        0.16143
           180.000,        0.60219,        1.65036,        0.00000
           190.000,        0.60192,        1.81179,        0.16143
           200.000,        0.60158,        2.11823,        0.46787
           210.000,        0.60147,        2.26459,        0.61424
           220.000,        0.60167,        2.12230,        0.47194
           230.000,        0.60207,        1.81453,        0.16418
           240.000,        0.60219,        1.65036,        0.00000
           250.000,        0.60181,        1.81501,        0.16465
           260.000,        0.60152,        2.12102,        0.47067
           270.000,        0.60149,        2.26460,        0.61425
           280.000,        0.60155,        2.12102,        0.47067
           290.000,        0.60178,        1.81501,        0.16465
           300.000,        0.60214,        1.65036,        0.00000
           310.000,        0.60207,        1.81453,        0.16418
           320.000,        0.60169,        2.12230,        0.47195
           330.000,        0.60149,        2.26459,        0.61424
           340.000,        0.60158,        2.11823,        0.46787
           350.000,        0.60198,        1.81179,        0.16143
           360.000,        0.60221,        1.65035,        0.00000
