N-phenylacetamide Z perpen.                                 Tot. E =      0.9152
   1   X   -1   -1    0    0.000000   0    0.000000   0    0.000000        0
   2   X   -1   -1    1    1.000000   0    0.000000   0    0.000000        0
   3   C  266  266    1    1.400000   2   90.000000   0    0.000000        0
   4   C  145  145    3    1.410955   1   60.000000   2   90.000000        0
   5   C  145  145    3    1.410955   4  119.697867   1    0.000000        0
   6   C  145  145    4    1.408605   3  120.125113   5    0.000000        0
   7   C  145  145    5    1.408605   3  120.125111   4    0.000000        0
   8   C  145  145    6    1.408450   4  120.053053   3    0.000000        0
   9   N  265  265    3    1.387178   4  120.151068   6  180.000000        0
  10   H  146  146    4    1.080379   3  120.297129   5  180.000000        0
  11   H  146  146    5    1.080379   3  120.297129   4  180.000000        0
  12   H  146  146    6    1.080233   4  119.930450   3  180.000000        0
  13   H  146  146    7    1.080233   5  119.930450   3  180.000000        0
  14   H  146  146    8    1.080597   6  120.027093   4  180.000000        0
  15   H  241  241    9    1.007263   3  117.559661   4   90.000000        0
  16   C  235  235    9    1.340471   3  125.000502  15  180.000000        0
  17   O  236  236   16    1.228079   9  123.780310   3    0.000000        0
  18   C  135  135   16    1.522360  17  119.782399   9  180.000000        0
  19   H  140  140   18    1.090506  16  110.256779  17  359.999995        0
  20   H  140  140   18    1.089810  16  110.603560  19  119.555920        0
  21   H  140  140   18    1.089810  16  110.603561  19  240.444079        0
                    Geometry Variations follow    (2I4,F12.6)                   
                    Variable Bonds follow         (I4)                          
0004-0021                                                                       
                    Additional Bonds follow       (2I4)                         
00070008                                                                        
                    Harmonic Constraints follow   (2I4,4F10.4)                  
                    Variable Bond Angles follow   (I4)                          
0005-0021                                                                       
                    Additional Bond Angles follow (3I4)                         
000600080007                                                                    
000500030009                                                                    
000500070008                                                                    
000700050011                                                                    
000800070013                                                                    
000700080014                                                                    
000800060012                                                                    
000600040010                                                                    
001500090016                                                                    
000900160018                                                                    
001900180020                                                                    
001900180021                                                                    
002000180021                                                                    
                    Variable Dihedrals follow     (3I4,F12.6)                   
001700470047  10.0                                                              
001900430043  15.0                                                              
002000000000   3.0                                                              
002100000000   3.0                                                              
                    Additional Dihedrals follow   (6I4)                         
000400030009001502070207                                                        
000500030009001502070207                                                        
000400030009001602070207                                                        
000500030009001602070207                                                        
001500090016001700460046                                                        
001500090016001800440044                                                        
000300090016001800450045                                                        
                    Domain Definitions follow     (4I4)                         
                    Conformational Search (4I2,2F12.6)                          
                    Final blank line                                            
                                                                                
