     Benzene-K+(H2O)                                        Tot. E =    -34.3364
   1   X   -1   -1    0    0.000000   0    0.000000   0    0.000000        0
   2   X   -1   -1    1    1.000000   0    0.000000   0    0.000000        0
   3   C  145  145    1    1.400000   2   90.000000   0    0.000000        0
   4   C  145  145    3    1.420764   1   60.000000   2   90.000000        0
   5   C  145  145    3    1.409496   4  119.775801   1    0.000000        0
   6   C  145  145    4    1.408539   3  120.285264   5    1.462744        0
   7   C  145  145    5    1.410198   3  119.990322   4  359.250383        0
   8   C  145  145    6    1.408924   4  119.522479   3  358.383774        0
   9   H  146  146    3    1.082827   4  118.565518   6  181.137208        0
  10   H  146  146    4    1.082881   3  117.939587   5  175.461008        0
  11   H  146  146    5    1.082737   3  118.457167   4  179.833731        0
  12   H  146  146    6    1.082792   4  118.617232   3  173.985567        0
  13   H  146  146    7    1.082665   5  119.498265   3  181.103330        0
  14   H  146  146    8    1.082776   6  118.402336   4  175.189468        0
TERZ                                                                            
  15  X    -1   -1    3    1.165724   6   28.800998   7    0.000002        0
  16  K   408  408   15    2.813105   3   97.401179   6   90.953587        0
  17  X    -1   -1   16    1.000000  15   90.000000   3    0.000001        0
TERZ                                                                            
  18 O    113  113   16    2.695463  17   90.881571  15  178.819656        0
  19 X     -1   -1   18    1.000000  16   89.774180  17   76.291763        0
  20 X     -1   -1   19    1.000000  18   90.000000  16  188.747614        0
  21 HO   114  114   18    0.957200  19   90.000000  20   52.260000        0
  22 HO   114  114   18    0.957200  19   90.000000  20  -52.260000        0
  23 X    115  115   18    0.150000  22   52.260000  23    0.000000        0
                    Geometry Variations follow    (2I4,F12.6)                   
                    Variable Bonds follow         (I4)                          
0004-0016                                                                       
0018                                                                            
                    Additional Bonds follow       (2I4)                         
00070008                                                                        
                    Harmonic Constraints follow   (2I4,4F10.4)                  
                    Variable Bond Angles follow   (I4)                          
0005-0016                                                                       
0018                                                                            
                    Additional Bond Angles follow (3I4)                         
AUTO                                                                            
                    Variable Dihedrals follow     (3I4,F12.6)                   
0006-0014                                                                       
0016                                                                            
0018-0020                                                                       
                    Additional Dihedrals follow   (6I4)                         
AUTO                                                                            
                    Domain Definitions follow     (4I4)                         
                    Conformational Search (4I2,2F12.6)                          
                    Final blank line                                            
