



 ********************************************************************************
 ********************************************************************************
 ************************** Gas Phase Optimization of  **************************
 *************************N-Methylacetamide syn dimer   *************************
 *************************           BOSS  5.1          *************************
 ************************* Linux    Version  Apr  2024  *************************
 ********************************************************************************
 ********************************************************************************




                         Z-Matrix for Reference Solutes


 --------------------------------------------------------------------------------
                   Init.   Final                        Theta           PHI
   I    Symbol     Type    Type   J     R(IJ)     K      IJK      L     IJKL
 --------------------------------------------------------------------------------
    1    C         235       0    0     0.0000    0     0.0000    0     0.0000
    2    DUM        -1       0    1     1.0000    0     0.0000    0     0.0000
    3    DUM        -1       0    2     1.0000    1    90.0000    0     0.0000
    4    O         236       0    1     1.2280    2    90.0000    3     0.0000
    5    N         238       0    1     1.3353    4   122.8960    2    90.0000
    6    C         135       0    1     1.5214    4   120.3202    5   179.4926
    7    C         242       0    5     1.4543    1   124.0092    4   358.9768
    8    H         241       0    5     1.0211    1   117.8875    7   179.3379
    9    H         140       0    7     1.0910    5   110.6277    1   299.5918
   10    H         140       0    7     1.0908    5   110.7192    9   120.1181
   11    H         140       0    7     1.0898    5   110.1687    9   240.1256
   12    H         140       0    6     1.0901    1   110.4615    4     8.3560
   13    H         140       0    6     1.0900    1   110.4946   12   119.8902
   14    H         140       0    6     1.0895    1   110.3688   12   240.0645
 Next solute:
   15    O         236       0    5     2.8099    1   114.5010    7   171.1218
   16    C         235       0   15     1.2285    5   134.9659    7   100.3068
   17    N         238       0   16     1.3367   15   122.8077    5   339.3887
   18    C         135       0   16     1.5210   15   120.2764   17   179.8741
   19    C         242       0   17     1.4570   16   123.9585   15   359.9084
   20    H         241       0   17     1.0088   16   118.3227   19   180.0435
   21    H         140       0   18     1.0905   16   110.3361   15     0.5521
   22    H         140       0   18     1.0899   16   110.6109   21   119.6031
   23    H         140       0   18     1.0899   16   110.5951   21   240.3913
   24    H         140       0   19     1.0907   17   110.7354   16    68.5372
   25    H         140       0   19     1.0899   17   110.4075   24   119.7460
   26    H         140       0   19     1.0914   17   111.0954   24   239.7050
 --------------------------------------------------------------------------------
 --------------------------------------------------------------------------------





                       OPLS Force Field Parameters
    Atom         Q            Sigma        Epsilon        Alpha
  C     1        0.6200        3.7500        0.1050        0.0000      All Solutes    
        2        0.0000        0.0000        0.0000        0.0000      All Solutes    
        3        0.0000        0.0000        0.0000        0.0000      All Solutes    
  O     4       -0.6200        2.9600        0.2100        0.0000      All Solutes    
  N     5       -0.5000        3.2500        0.1700        0.0000      All Solutes    
  CT    6       -0.1800        3.5000        0.0660        0.0000      All Solutes    
  CT    7        0.0200        3.5000        0.0660        0.0000      All Solutes    
  H     8        0.3000        0.0000        0.0000        0.0000      All Solutes    
  HC    9        0.0600        2.5000        0.0300        0.0000      All Solutes    
  HC   10        0.0600        2.5000        0.0300        0.0000      All Solutes    
  HC   11        0.0600        2.5000        0.0300        0.0000      All Solutes    
  HC   12        0.0600        2.5000        0.0300        0.0000      All Solutes    
  HC   13        0.0600        2.5000        0.0300        0.0000      All Solutes    
  HC   14        0.0600        2.5000        0.0300        0.0000      All Solutes    
  O    15       -0.6200        2.9600        0.2100        0.0000      All Solutes    
  C    16        0.6200        3.7500        0.1050        0.0000      All Solutes    
  N    17       -0.5000        3.2500        0.1700        0.0000      All Solutes    
  CT   18       -0.1800        3.5000        0.0660        0.0000      All Solutes    
  CT   19        0.0200        3.5000        0.0660        0.0000      All Solutes    
  H    20        0.3000        0.0000        0.0000        0.0000      All Solutes    
  HC   21        0.0600        2.5000        0.0300        0.0000      All Solutes    
  HC   22        0.0600        2.5000        0.0300        0.0000      All Solutes    
  HC   23        0.0600        2.5000        0.0300        0.0000      All Solutes    
  HC   24        0.0600        2.5000        0.0300        0.0000      All Solutes    
  HC   25        0.0600        2.5000        0.0300        0.0000      All Solutes    
  HC   26        0.0600        2.5000        0.0300        0.0000      All Solutes    

                      Net Charge
   Reference Solute     0.00000
 1st Perturbed Solute   0.00000
 2nd Perturbed Solute   0.00000



 Dihedral                             Fourier Coefficients
   Angle    Atom  I Type F    V1        V2        V3        V4               Phases          Delta
      1       6  160  160     0.000    21.000     0.000     0.000      0.00   0.00   0.00     2.0      All Solutes    
      2       7   47   47     0.000     6.089     0.000     0.000      0.00   0.00   0.00     2.0      All Solutes    
      3       8  161  161     0.000     5.000     0.000     0.000      0.00   0.00   0.00     2.0      All Solutes    
 There are  2 exact matches -
 For C -N -CT-HC Using C -N -CT-HC Type:  40
 There are  2 exact matches -
 For C -N -CT-HC Using C -N -CT-HC Type:  40
      4       9   40   40     0.000     0.000     0.000     0.000      0.00   0.00   0.00    15.0      All Solutes    
      5      10    0    0     0.000     0.000     0.000     0.000      0.00   0.00   0.00     2.0      All Solutes    
      6      11    0    0     0.000     0.000     0.000     0.000      0.00   0.00   0.00     2.0      All Solutes    
      7      12   67   67     0.000     0.000     0.000     0.000      0.00   0.00   0.00    15.0      All Solutes    
      8      13    0    0     0.000     0.000     0.000     0.000      0.00   0.00   0.00     2.0      All Solutes    
      9      14    0    0     0.000     0.000     0.000     0.000      0.00   0.00   0.00     2.0      All Solutes    
     10      15    0    0     0.000     0.000     0.000     0.000      0.00   0.00   0.00    15.0      All Solutes    
     11      16    0    0     0.000     0.000     0.000     0.000      0.00   0.00   0.00    15.0      All Solutes    
     12      17    0    0     0.000     0.000     0.000     0.000      0.00   0.00   0.00    15.0      All Solutes    
     13      18  160  160     0.000    21.000     0.000     0.000      0.00   0.00   0.00     2.0      All Solutes    
     14      19   47   47     0.000     6.089     0.000     0.000      0.00   0.00   0.00     2.0      All Solutes    
     15      20  161  161     0.000     5.000     0.000     0.000      0.00   0.00   0.00     2.0      All Solutes    
     16      21   67   67     0.000     0.000     0.000     0.000      0.00   0.00   0.00    15.0      All Solutes    
     17      22    0    0     0.000     0.000     0.000     0.000      0.00   0.00   0.00     2.0      All Solutes    
     18      23    0    0     0.000     0.000     0.000     0.000      0.00   0.00   0.00     2.0      All Solutes    
 There are  2 exact matches -
 For C -N -CT-HC Using C -N -CT-HC Type:  40
 There are  2 exact matches -
 For C -N -CT-HC Using C -N -CT-HC Type:  40
     19      24   40   40     0.000     0.000     0.000     0.000      0.00   0.00   0.00    15.0      All Solutes    
     20      25    0    0     0.000     0.000     0.000     0.000      0.00   0.00   0.00     2.0      All Solutes    
     21      26    0    0     0.000     0.000     0.000     0.000      0.00   0.00   0.00     2.0      All Solutes    
     22       8   46   46     0.000     4.900     0.000     0.000      0.00   0.00   0.00     0.0      All Solutes    
     23       7   45   45     2.300     6.089     0.000     0.000      0.00   0.00   0.00     0.0      All Solutes    
     24       8   44   44     0.000     4.900     0.000     0.000      0.00   0.00   0.00     0.0      All Solutes    
     25      13   67   67     0.000     0.000     0.000     0.000      0.00   0.00   0.00     0.0      All Solutes    
     26      14   67   67     0.000     0.000     0.000     0.000      0.00   0.00   0.00     0.0      All Solutes    
     27      12   41   41     0.000     0.000     0.000     0.000      0.00   0.00   0.00     0.0      All Solutes    
     28      13   41   41     0.000     0.000     0.000     0.000      0.00   0.00   0.00     0.0      All Solutes    
     29      14   41   41     0.000     0.000     0.000     0.000      0.00   0.00   0.00     0.0      All Solutes    
 There are  2 exact matches -
 For C -N -CT-HC Using C -N -CT-HC Type:  40
 There are  2 exact matches -
 For C -N -CT-HC Using C -N -CT-HC Type:  40
     30      10   40   40     0.000     0.000     0.000     0.000      0.00   0.00   0.00     0.0      All Solutes    
 There are  2 exact matches -
 For C -N -CT-HC Using C -N -CT-HC Type:  40
 There are  2 exact matches -
 For C -N -CT-HC Using C -N -CT-HC Type:  40
     31      11   40   40     0.000     0.000     0.000     0.000      0.00   0.00   0.00     0.0      All Solutes    
     32       9   61   61     0.000     0.000     0.000     0.000      0.00   0.00   0.00     0.0      All Solutes    
     33      10   61   61     0.000     0.000     0.000     0.000      0.00   0.00   0.00     0.0      All Solutes    
     34      11   61   61     0.000     0.000     0.000     0.000      0.00   0.00   0.00     0.0      All Solutes    
     35      20   46   46     0.000     4.900     0.000     0.000      0.00   0.00   0.00     0.0      All Solutes    
     36      19   45   45     2.300     6.089     0.000     0.000      0.00   0.00   0.00     0.0      All Solutes    
     37      20   44   44     0.000     4.900     0.000     0.000      0.00   0.00   0.00     0.0      All Solutes    
     38      22   67   67     0.000     0.000     0.000     0.000      0.00   0.00   0.00     0.0      All Solutes    
     39      23   67   67     0.000     0.000     0.000     0.000      0.00   0.00   0.00     0.0      All Solutes    
     40      21   41   41     0.000     0.000     0.000     0.000      0.00   0.00   0.00     0.0      All Solutes    
     41      22   41   41     0.000     0.000     0.000     0.000      0.00   0.00   0.00     0.0      All Solutes    
     42      23   41   41     0.000     0.000     0.000     0.000      0.00   0.00   0.00     0.0      All Solutes    
 There are  2 exact matches -
 For C -N -CT-HC Using C -N -CT-HC Type:  40
 There are  2 exact matches -
 For C -N -CT-HC Using C -N -CT-HC Type:  40
     43      25   40   40     0.000     0.000     0.000     0.000      0.00   0.00   0.00     0.0      All Solutes    
 There are  2 exact matches -
 For C -N -CT-HC Using C -N -CT-HC Type:  40
 There are  2 exact matches -
 For C -N -CT-HC Using C -N -CT-HC Type:  40
     44      26   40   40     0.000     0.000     0.000     0.000      0.00   0.00   0.00     0.0      All Solutes    
     45      24   61   61     0.000     0.000     0.000     0.000      0.00   0.00   0.00     0.0      All Solutes    
     46      25   61   61     0.000     0.000     0.000     0.000      0.00   0.00   0.00     0.0      All Solutes    
     47      26   61   61     0.000     0.000     0.000     0.000      0.00   0.00   0.00     0.0      All Solutes    

                 Bond Stretching Parameters
  Atom1   Atom2      R0           K0         R1           K1         R2           K2       Delta
    4       1      1.2290      570.00      1.2290      570.00      1.2290      570.00      0.0227     O -C 
    5       1      1.3350      490.00      1.3350      490.00      1.3350      490.00      0.0244     N -C 
    6       1      1.5220      317.00      1.5220      317.00      1.5220      317.00      0.0304     CT-C 
    7       5      1.4490      337.00      1.4490      337.00      1.4490      337.00      0.0295     CT-N 
    8       5      1.0100      434.00      1.0100      434.00      1.0100      434.00      0.0260     H -N 
    9       7      1.0900      340.00      1.0900      340.00      1.0900      340.00      0.0293     HC-CT
   10       7      1.0900      340.00      1.0900      340.00      1.0900      340.00      0.0293     HC-CT
   11       7      1.0900      340.00      1.0900      340.00      1.0900      340.00      0.0293     HC-CT
   12       6      1.0900      340.00      1.0900      340.00      1.0900      340.00      0.0293     HC-CT
   13       6      1.0900      340.00      1.0900      340.00      1.0900      340.00      0.0293     HC-CT
   14       6      1.0900      340.00      1.0900      340.00      1.0900      340.00      0.0293     HC-CT
   15       5      0.0000        0.00      0.0000        0.00      0.0000        0.00      0.0000     O -N 
   16      15      1.2290      570.00      1.2290      570.00      1.2290      570.00      0.0227     C -O 
   17      16      1.3350      490.00      1.3350      490.00      1.3350      490.00      0.0244     N -C 
   18      16      1.5220      317.00      1.5220      317.00      1.5220      317.00      0.0304     CT-C 
   19      17      1.4490      337.00      1.4490      337.00      1.4490      337.00      0.0295     CT-N 
   20      17      1.0100      434.00      1.0100      434.00      1.0100      434.00      0.0260     H -N 
   21      18      1.0900      340.00      1.0900      340.00      1.0900      340.00      0.0293     HC-CT
   22      18      1.0900      340.00      1.0900      340.00      1.0900      340.00      0.0293     HC-CT
   23      18      1.0900      340.00      1.0900      340.00      1.0900      340.00      0.0293     HC-CT
   24      19      1.0900      340.00      1.0900      340.00      1.0900      340.00      0.0293     HC-CT
   25      19      1.0900      340.00      1.0900      340.00      1.0900      340.00      0.0293     HC-CT
   26      19      1.0900      340.00      1.0900      340.00      1.0900      340.00      0.0293     HC-CT

                 Angle Bending Parameters
  Atom1 Atom2 Atom3    A0       K0       A1       K1       A2       K2      Delta
     4     1     5   122.90    80.00   122.90    80.00   122.90    80.00    3.091     O -C -N 
     4     1     6   120.40    80.00   120.40    80.00   120.40    80.00    3.091     O -C -CT
     1     5     7   121.90    50.00   121.90    50.00   121.90    50.00    3.910     C -N -CT
     1     5     8   119.80    35.00   119.80    35.00   119.80    35.00    4.674     C -N -H 
     5     7     9   109.50    35.00   109.50    35.00   109.50    35.00    4.674     N -CT-HC
     5     7    10   109.50    35.00   109.50    35.00   109.50    35.00    4.674     N -CT-HC
     5     7    11   109.50    35.00   109.50    35.00   109.50    35.00    4.674     N -CT-HC
     1     6    12   109.50    35.00   109.50    35.00   109.50    35.00    4.674     C -CT-HC
     1     6    13   109.50    35.00   109.50    35.00   109.50    35.00    4.674     C -CT-HC
     1     6    14   109.50    35.00   109.50    35.00   109.50    35.00    4.674     C -CT-HC
     1     5    15     0.00     0.00     0.00     0.00     0.00     0.00    0.000     C -N -O 
     5    15    16     0.00     0.00     0.00     0.00     0.00     0.00    0.000     N -O -C 
    15    16    17   122.90    80.00   122.90    80.00   122.90    80.00    3.091     O -C -N 
    15    16    18   120.40    80.00   120.40    80.00   120.40    80.00    3.091     O -C -CT
    16    17    19   121.90    50.00   121.90    50.00   121.90    50.00    3.910     C -N -CT
    16    17    20   119.80    35.00   119.80    35.00   119.80    35.00    4.674     C -N -H 
    16    18    21   109.50    35.00   109.50    35.00   109.50    35.00    4.674     C -CT-HC
    16    18    22   109.50    35.00   109.50    35.00   109.50    35.00    4.674     C -CT-HC
    16    18    23   109.50    35.00   109.50    35.00   109.50    35.00    4.674     C -CT-HC
    17    19    24   109.50    35.00   109.50    35.00   109.50    35.00    4.674     N -CT-HC
    17    19    25   109.50    35.00   109.50    35.00   109.50    35.00    4.674     N -CT-HC
    17    19    26   109.50    35.00   109.50    35.00   109.50    35.00    4.674     N -CT-HC
     5     1     6   116.60    70.00   116.60    70.00   116.60    70.00    0.000     N -C -CT
     7     5     8   118.40    38.00   118.40    38.00   118.40    38.00    0.000     CT-N -H 
    12     6    13   107.80    33.00   107.80    33.00   107.80    33.00    0.000     HC-CT-HC
    12     6    14   107.80    33.00   107.80    33.00   107.80    33.00    0.000     HC-CT-HC
    13     6    14   107.80    33.00   107.80    33.00   107.80    33.00    0.000     HC-CT-HC
     9     7    10   107.80    33.00   107.80    33.00   107.80    33.00    0.000     HC-CT-HC
     9     7    11   107.80    33.00   107.80    33.00   107.80    33.00    0.000     HC-CT-HC
    10     7    11   107.80    33.00   107.80    33.00   107.80    33.00    0.000     HC-CT-HC
    17    16    18   116.60    70.00   116.60    70.00   116.60    70.00    0.000     N -C -CT
    19    17    20   118.40    38.00   118.40    38.00   118.40    38.00    0.000     CT-N -H 
    21    18    22   107.80    33.00   107.80    33.00   107.80    33.00    0.000     HC-CT-HC
    21    18    23   107.80    33.00   107.80    33.00   107.80    33.00    0.000     HC-CT-HC
    22    18    23   107.80    33.00   107.80    33.00   107.80    33.00    0.000     HC-CT-HC
    24    19    25   107.80    33.00   107.80    33.00   107.80    33.00    0.000     HC-CT-HC
    24    19    26   107.80    33.00   107.80    33.00   107.80    33.00    0.000     HC-CT-HC
    25    19    26   107.80    33.00   107.80    33.00   107.80    33.00    0.000     HC-CT-HC

                     Dipole Moment
   Reference Solute     7.66776 D

 Quadrupole Moment:      XX        XY        XZ        YY        YZ        ZZ
   Reference Solute    16.0470   17.0146   -1.8947   17.0314    3.2227    7.4477 D-A


 Total Mol. Wt. of Reference Solute =  146.1888

 Mol. Wt. of Solute  1 =   73.0944
 Mol. Wt. of Solute  2 =   73.0944



                    Non-bonded Pairs List (Except Inter-solute)


 Atom    1:    9   10   11

 Atom    2:

 Atom    3:

 Atom    4:    7    8    9   10   11   12   13   14

 Atom    5:   12   13   14

 Atom    6:    7    8    9   10   11

 Atom    7:   12   13   14

 Atom    8:    9   10   11   12   13   14

 Atom    9:   12   13   14

 Atom   10:   12   13   14

 Atom   11:   12   13   14

 Atom   12:

 Atom   13:

 Atom   14:

 Atom   15:   19   20   21   22   23   24   25   26

 Atom   16:   24   25   26

 Atom   17:   21   22   23

 Atom   18:   19   20   24   25   26

 Atom   19:   21   22   23

 Atom   20:   21   22   23   24   25   26

 Atom   21:   24   25   26

 Atom   22:   24   25   26

 Atom   23:   24   25   26

 Atom   24:

 Atom   25:

 Atom   26:


Checking for potential problems in the solute Z-matrix file:
          For Bond Between Atoms    4    1: Expected  0 Torsion Terms, Found  1
          For Bond Between Atoms    1    5: Expected  4 Torsion Terms, Found  6
          For Bond Between Atoms    5    7: Expected  6 Torsion Terms, Found  8
          For Bond Between Atoms    1    6: Expected  6 Torsion Terms, Found  8
          For Bond Between Atoms   16   17: Expected  4 Torsion Terms, Found  5
          For Bond Between Atoms   16   18: Expected  6 Torsion Terms, Found  8
          For Bond Between Atoms   17   19: Expected  6 Torsion Terms, Found  8
      7 Potential Problems Found.
 Note - When improper dihedrals are used, excess torsion terms are normal.




                    N-Methylacetamide syn dimer   
                        Wed May  8 12:31:30 2024
                            OPLS Potentials


                      Parameters and Coordinates

 NMOL =   0          EDGE =  100.0000  100.0000  100.0000    RCUT =   10.0000
 NACCPT =         0  NRJECT =         0  MXCON =        0    NCON =        0
 T(C) =      0.00    OLD E =  0.00000000D+00    NEW E = -0.52474548D+02
 RDEL =    0.2000    ADEL =   20.0000    VDEL =       0.0    MXS =    2500
 P(ATM) =     0.0    VOLD =   1000000.0  VNEW =   1000000.0  NVCHG =999999
 DIELRF =     1.0    Reaction Field NOT Applied

 Information for the Reference Solute:
 NSCHG=     1        SCUT =   10.0000    ICUT =     0        NCENT =   1    1
 RDELS1=   0.0000    RDELS2=   0.0000    ADELS1=   0.0000    ADELS2=   0.0000
 ESOLD=      0.00    ESONE=      0.00    WIMAX=  0.000000    WKC =  200.00
 EXXOLD=     0.00    EXXNEW=   -11.01    DIELEC=   1.0000    CUTOFF E=    0.000
 EPOOLD=     0.00    EPONEW=     0.00    NPOLX =        0    NPOLS =        0
 EBNDOL=   0.0000    EBNDNE=   0.0897    EANGOL=   0.0000    EANGNE=   0.3984
 EDIHOL=   0.0000    EDIHNE=   0.0113    ENBOL=      0.00    ENBNE=    -41.96
 EBCOLD=     0.00    EBCNEW=     0.00    SANEW =     0.00    POLCUT=    10.00

 ESXCUT=    0.000    ESXCT1=    0.000    ESXCT2=    0.000


 1-4 Scale Factors: Coul.=   0.20000D+01 L-J=   0.20000D+01  CUTNB =  100.000

 Reaction Coordinate or Lambda Values for the Reference and Perturbed Solutes:
 RC0  =    0.0000    RC1 =     0.0000    RC2  =    0.0000


 Coordinates and Distances in Angstroms


 Solute 0:   X          Y          Z
    6     0.00000    0.00000    0.00000  C  
    0     1.00000    0.00000    0.00000  DUM
    0     1.00000    1.00000    0.00000  DUM
    8     0.00000    1.22802    0.00000  O  
    7     0.00000   -0.72521    1.12118  N  
    6    -0.01163   -0.76803   -1.31322  C  
    6     0.02153   -0.15492    2.45882  C  
    1    -0.02654   -1.74210    1.03225  H  
    1     0.91995    0.44623    2.60592  H  
    1    -0.84848    0.48295    2.62045  H  
    1     0.01183   -0.94844    3.20582  H  
    1     0.12935   -0.08816   -2.15356  H  
    1     0.79010   -1.50628   -1.33067  H  
    1    -0.96256   -1.28373   -1.44250  H  
    8    -0.43966   -3.47300    0.73164  O  
    6    -1.40572   -4.16071    0.41079  C  
    7    -2.66809   -3.73878    0.53427  N  
    6    -1.19866   -5.55625   -0.15770  C  
    6    -3.04178   -2.43177    1.05875  C  
    1    -3.41031   -4.35960    0.24895  H  
    1    -0.13510   -5.79259   -0.20411  H  
    1    -1.68484   -6.30245    0.47050  H  
    1    -1.60565   -5.62355   -1.16650  H  
    1    -2.74514   -1.64001    0.36978  H  
    1    -4.12103   -2.37295    1.19902  H  
    1    -2.56343   -2.24342    2.02146  H  

 Variable and Additional Bonds
 Atom I      Atom J      RIJ
     4           1       1.2280
     5           1       1.3353
     6           1       1.5214
     7           5       1.4543
     8           5       1.0211
     9           7       1.0910
    10           7       1.0908
    11           7       1.0898
    12           6       1.0901
    13           6       1.0900
    14           6       1.0895
    15           5       2.8099
    16          15       1.2285
    17          16       1.3367
    18          16       1.5210
    19          17       1.4570
    20          17       1.0088
    21          18       1.0905
    22          18       1.0899
    23          18       1.0899
    24          19       1.0907
    25          19       1.0899
    26          19       1.0914

 Variable and Additional Angles
 Atom I    J     K      Theta
     4     1     5      122.896
     4     1     6      120.320
     1     5     7      124.009
     1     5     8      117.887
     5     7     9      110.628
     5     7    10      110.719
     5     7    11      110.169
     1     6    12      110.461
     1     6    13      110.495
     1     6    14      110.369
     1     5    15      114.501
     5    15    16      134.966
    15    16    17      122.808
    15    16    18      120.276
    16    17    19      123.958
    16    17    20      118.323
    16    18    21      110.336
    16    18    22      110.611
    16    18    23      110.595
    17    19    24      110.735
    17    19    25      110.408
    17    19    26      111.095
     5     1     6      116.782
     7     5     8      118.100
    12     6    13      108.358
    12     6    14      108.459
    13     6    14      108.634
     9     7    10      108.337
     9     7    11      108.428
    10     7    11      108.488
    17    16    18      116.916
    19    17    20      117.719
    21    18    22      108.132
    21    18    23      108.145
    22    18    23      108.945
    24    19    25      108.146
    24    19    26      108.224
    25    19    26      108.130

    Surface Area and Volume with Solvent Radius = 1.40
 Atom    Radius      Access. Area   Access. Vol.  Solute
   1     2.105         11.508         37.954         1
   2     0.000          0.000          0.000         1
   3     0.000          0.000          0.000         1
   4     1.661         36.563         45.873         1
   5     1.824          0.000         11.291         1
   6     1.964         12.799         33.193         1
   7     1.964         13.156         36.610         1
   8     0.000          0.000          0.000         1
   9     1.403         25.163         28.178         1
  10     1.403         20.860         25.582         1
  11     1.403         22.084         26.472         1
  12     1.403         26.325         28.914         1
  13     1.403         19.452         23.964         1
  14     1.403         10.349         15.407         1
  15     1.661         11.194         23.765         2
  16     2.105          8.629         36.701         2
  17     1.824         18.689         30.429         2
  18     1.964         14.459         33.523         2
  19     1.964         13.526         38.071         2
  20     0.000          0.000          0.000         2
  21     1.403         26.091         28.827         2
  22     1.403         26.796         29.278         2
  23     1.403         26.835         29.308         2
  24     1.403          7.377         12.104         2
  25     1.403         31.000         32.477         2
  26     1.403          9.976         15.965         2

 Total Solvent Accessible Surface Area =   392.83
       Total Solvent Accessible Volume =   623.89

  Type            Area          Volume
 Hydrophobic      306.249        437.873
 Hydrophilic       86.583        186.013
 Aromatic           0.000          0.000
 Weakly Polar       0.000          0.000

  Solute          Area          Volume
     1           198.260        313.438
     2           194.573        310.448

 Initial Random Number =0.90977929
 +-------------------------------------------------+
 |   Optimization Cycle =   1                      |
 +-------------------------------------------------+
   Etotal =     -52.57573




                         Z-Matrix for Reference Solutes


 --------------------------------------------------------------------------------
                   Init.   Final                        Theta           PHI
   I    Symbol     Type    Type   J     R(IJ)     K      IJK      L     IJKL
 --------------------------------------------------------------------------------
    1    C         235       0    0     0.0000    0     0.0000    0     0.0000
    2    DUM        -1       0    1     1.0000    0     0.0000    0     0.0000
    3    DUM        -1       0    2     1.0000    1    90.0000    0     0.0000
    4    O         236       0    1     1.2278    2    90.0000    3     0.0000
    5    N         238       0    1     1.3339    4   122.7066    2    90.0000
    6    C         135       0    1     1.5207    4   120.3212    5   179.3940
    7    C         242       0    5     1.4539    1   123.9945    4   358.7103
    8    H         241       0    5     1.0244    1   117.5637    7   179.1329
    9    H         140       0    7     1.0909    5   110.5560    1   299.8989
   10    H         140       0    7     1.0908    5   110.6537    9   119.9561
   11    H         140       0    7     1.0897    5   110.1906    9   240.0530
   12    H         140       0    6     1.0899    1   110.4064    4     8.2513
   13    H         140       0    6     1.0899    1   110.4143   12   119.9168
   14    H         140       0    6     1.0893    1   110.3097   12   240.0204
 Next solute:
   15    O         236       0    5     2.7543    1   114.1395    7   171.4696
   16    C         235       0   15     1.2284    5   138.8895    7    88.5783
   17    N         238       0   16     1.3359   15   122.5257    5   351.3790
   18    C         135       0   16     1.5204   15   120.3455   17   179.8972
   19    C         242       0   17     1.4570   16   123.7455   15   359.8574
   20    H         241       0   17     1.0083   16   118.3433   19   180.0794
   21    H         140       0   18     1.0904   16   110.2391   15     0.5145
   22    H         140       0   18     1.0898   16   110.5980   21   119.5827
   23    H         140       0   18     1.0898   16   110.5790   21   240.4240
   24    H         140       0   19     1.0909   17   110.7644   16    64.3971
   25    H         140       0   19     1.0899   17   110.5057   24   119.9064
   26    H         140       0   19     1.0913   17   110.9052   24   239.9166
 --------------------------------------------------------------------------------
 --------------------------------------------------------------------------------
 +-------------------------------------------------+
 |   Optimization Cycle =   2                      |
 +-------------------------------------------------+

          RESULTS OF SOLUTE OPTIMIZATION

 Optimization procedure: BFGS                

 No. Iterations =    2     Tolerance =  0.000100 kcal/mol
 No. Variables  =   66

 Energy components:
     Bond stretching energy  =       0.12637
     Angle bending energy    =       0.39921
     Torsional energy        =       0.01840
     Intrasolute non-bonded  =     -41.98230
     Intersolute non-bonded  =     -11.13742
     Polarization energy     =       0.00000
     Bond constraints energy =       0.00000
     Total Energy            =     -52.57573

 Final Dipole Moment =    7.9305 D

 Optimized energy =     -52.57573 kcal/mol

 Final Z-Matrix:




                         Z-Matrix for Reference Solutes


 --------------------------------------------------------------------------------
                   Init.   Final                        Theta           PHI
   I    Symbol     Type    Type   J     R(IJ)     K      IJK      L     IJKL
 --------------------------------------------------------------------------------
    1    C         235       0    0     0.0000    0     0.0000    0     0.0000
    2    DUM        -1       0    1     1.0000    0     0.0000    0     0.0000
    3    DUM        -1       0    2     1.0000    1    90.0000    0     0.0000
    4    O         236       0    1     1.2278    2    90.0000    3     0.0000
    5    N         238       0    1     1.3339    4   122.7091    2    90.0000
    6    C         135       0    1     1.5207    4   120.3237    5   179.3945
    7    C         242       0    5     1.4539    1   123.9960    4   358.7077
    8    H         241       0    5     1.0244    1   117.5658    7   179.1309
    9    H         140       0    7     1.0909    5   110.5587    1   299.8972
   10    H         140       0    7     1.0908    5   110.6518    9   119.9573
   11    H         140       0    7     1.0897    5   110.1928    9   240.0539
   12    H         140       0    6     1.0899    1   110.4061    4     8.2506
   13    H         140       0    6     1.0899    1   110.4151   12   119.9165
   14    H         140       0    6     1.0893    1   110.3098   12   240.0222
 Next solute:
   15    O         236       0    5     2.7543    1   114.1414    7   171.4706
   16    C         235       0   15     1.2284    5   138.8870    7    88.5781
   17    N         238       0   16     1.3359   15   122.5245    5   351.3797
   18    C         135       0   16     1.5204   15   120.3495   17   179.8967
   19    C         242       0   17     1.4570   16   123.7455   15   359.8559
   20    H         241       0   17     1.0083   16   118.3422   19   180.0789
   21    H         140       0   18     1.0904   16   110.2409   15     0.5144
   22    H         140       0   18     1.0897   16   110.5976   21   119.5809
   23    H         140       0   18     1.0898   16   110.5781   21   240.4253
   24    H         140       0   19     1.0908   17   110.7629   16    64.3964
   25    H         140       0   19     1.0899   17   110.5049   24   119.9098
   26    H         140       0   19     1.0913   17   110.9060   24   239.9152
 --------------------------------------------------------------------------------
 --------------------------------------------------------------------------------


               Breakdown for the Interaction of Solutes 1 and 2
      Atom    Atom      Coulomb        LJ-12         LJ-6          1/r4          Total

        1      15      -36.2911        0.3100       -0.4291        0.0000      -36.4103
        1      16       28.7199        0.0547       -0.1515        0.0000       28.6230
        1      17      -21.9128        0.0152       -0.0900        0.0000      -21.9876
        1      18       -6.4455        0.0013       -0.0208        0.0000       -6.4650
        1      19        1.0109        0.0816       -0.1649        0.0000        0.9277
        1      20       10.9279        0.0000        0.0000        0.0000       10.9279
        1      21        2.1217        0.0001       -0.0047        0.0000        2.1170
        1      22        1.8832        0.0000       -0.0023        0.0000        1.8809
        1      23        2.0175        0.0001       -0.0035        0.0000        2.0140
        1      24        3.7447        0.0918       -0.1436        0.0000        3.6930
        1      25        2.4986        0.0007       -0.0127        0.0000        2.4867
        1      26        3.1512        0.0116       -0.0510        0.0000        3.1118
        4      15       27.0545        0.0031       -0.0512        0.0000       27.0064
        4      16      -22.7268        0.0011       -0.0259        0.0000      -22.7515
        4      17       17.9359        0.0005       -0.0188        0.0000       17.9176
        4      18        5.3265        0.0000       -0.0046        0.0000        5.3219
        4      19       -0.8379        0.0029       -0.0372        0.0000       -0.8722
        4      20       -9.2582        0.0000        0.0000        0.0000       -9.2582
        4      21       -1.7522        0.0000       -0.0010        0.0000       -1.7533
        4      22       -1.5943        0.0000       -0.0006        0.0000       -1.5949
        4      23       -1.6905        0.0000       -0.0008        0.0000       -1.6913
        4      24       -3.0239        0.0024       -0.0277        0.0000       -3.0492
        4      25       -2.1878        0.0000       -0.0040        0.0000       -2.1917
        4      26       -2.6240        0.0004       -0.0118        0.0000       -2.6354
        5      15       37.3734        3.1424       -1.5411        0.0000       38.9747
        5      16      -27.3234        0.2142       -0.3383        0.0000      -27.4476
        5      17       20.3204        0.0437       -0.1724        0.0000       20.1918
        5      18        5.8299        0.0028       -0.0344        0.0000        5.7983
        5      19       -0.9458        0.2617       -0.3330        0.0000       -1.0171
        5      20       -9.7887        0.0000        0.0000        0.0000       -9.7887
        5      21       -1.9149        0.0002       -0.0077        0.0000       -1.9225
        5      22       -1.7193        0.0001       -0.0040        0.0000       -1.7233
        5      23       -1.7466        0.0001       -0.0045        0.0000       -1.7509
        5      24       -3.2501        0.1195       -0.1848        0.0000       -3.3154
        5      25       -2.2320        0.0013       -0.0194        0.0000       -2.2501
        5      26       -3.2376        0.1142       -0.1806        0.0000       -3.3041
        6      15       10.9991        0.2721       -0.3580        0.0000       10.9132
        6      16       -8.9568        0.0677       -0.1501        0.0000       -9.0392
        6      17        6.6178        0.0128       -0.0735        0.0000        6.5570
        6      18        2.0634        0.0022       -0.0242        0.0000        2.0415
        6      19       -0.2822        0.0267       -0.0839        0.0000       -0.3394
        6      20       -3.3401        0.0000        0.0000        0.0000       -3.3401
        6      21       -0.6835        0.0002       -0.0057        0.0000       -0.6890
        6      22       -0.5810        0.0000       -0.0022        0.0000       -0.5831
        6      23       -0.6689        0.0001       -0.0050        0.0000       -0.6738
        6      24       -1.0670        0.0384       -0.0827        0.0000       -1.1113
        6      25       -0.7003        0.0002       -0.0066        0.0000       -0.7067
        6      26       -0.8090        0.0014       -0.0157        0.0000       -0.8233
        7      15       -1.1060        0.0821       -0.1966        0.0000       -1.2205
        7      16        0.8816        0.0158       -0.0725        0.0000        0.8248
        7      17       -0.6846        0.0054       -0.0479        0.0000       -0.7271
        7      18       -0.1976        0.0004       -0.0099        0.0000       -0.2072
        7      19        0.0326        0.0420       -0.1053        0.0000       -0.0307
        7      20        0.3420        0.0000        0.0000        0.0000        0.3420
        7      21        0.0648        0.0000       -0.0022        0.0000        0.0626
        7      22        0.0610        0.0000       -0.0015        0.0000        0.0595
        7      23        0.0590        0.0000       -0.0013        0.0000        0.0577
        7      24        0.1030        0.0071       -0.0356        0.0000        0.0745
        7      25        0.0816        0.0004       -0.0088        0.0000        0.0732
        7      26        0.1206        0.0471       -0.0915        0.0000        0.0761
        8      15      -35.4037        0.0000        0.0000        0.0000      -35.4037
        8      16       21.8667        0.0000        0.0000        0.0000       21.8667
        8      17      -14.8959        0.0000        0.0000        0.0000      -14.8959
        8      18       -4.3419        0.0000        0.0000        0.0000       -4.3419
        8      19        0.6427        0.0000        0.0000        0.0000        0.6427
        8      20        6.8734        0.0000        0.0000        0.0000        6.8734
        8      21        1.4280        0.0000        0.0000        0.0000        1.4280
        8      22        1.2440        0.0000        0.0000        0.0000        1.2440
        8      23        1.2562        0.0000        0.0000        0.0000        1.2562
        8      24        2.1121        0.0000        0.0000        0.0000        2.1121
        8      25        1.4389        0.0000        0.0000        0.0000        1.4389
        8      26        2.1699        0.0000        0.0000        0.0000        2.1699
        9      15       -2.7425        0.0007       -0.0154        0.0000       -2.7571
        9      16        2.2218        0.0002       -0.0063        0.0000        2.2157
        9      17       -1.6983        0.0000       -0.0038        0.0000       -1.7020
        9      18       -0.5227        0.0000       -0.0011        0.0000       -0.5238
        9      19        0.0774        0.0002       -0.0064        0.0000        0.0712
        9      20        0.8719        0.0000        0.0000        0.0000        0.8719
        9      21        0.1751        0.0000       -0.0003        0.0000        0.1748
        9      22        0.1620        0.0000       -0.0002        0.0000        0.1618
        9      23        0.1576        0.0000       -0.0002        0.0000        0.1574
        9      24        0.2455        0.0000       -0.0022        0.0000        0.2433
        9      25        0.2004        0.0000       -0.0007        0.0000        0.1998
        9      26        0.2721        0.0001       -0.0041        0.0000        0.2681
       10      15       -2.8343        0.0011       -0.0188        0.0000       -2.8519
       10      16        2.4062        0.0005       -0.0101        0.0000        2.3965
       10      17       -1.9797        0.0003       -0.0094        0.0000       -1.9888
       10      18       -0.5435        0.0000       -0.0014        0.0000       -0.5449
       10      19        0.1000        0.0050       -0.0297        0.0000        0.0752
       10      20        1.0046        0.0000        0.0000        0.0000        1.0046
       10      21        0.1746        0.0000       -0.0003        0.0000        0.1744
       10      22        0.1698        0.0000       -0.0002        0.0000        0.1696
       10      23        0.1651        0.0000       -0.0002        0.0000        0.1649
       10      24        0.3193        0.0009       -0.0106        0.0000        0.3096
       10      25        0.2601        0.0001       -0.0031        0.0000        0.2571
       10      26        0.3723        0.0060       -0.0267        0.0000        0.3515
       11      15       -3.4988        0.0139       -0.0664        0.0000       -3.5513
       11      16        2.8037        0.0028       -0.0253        0.0000        2.7813
       11      17       -2.1507        0.0008       -0.0155        0.0000       -2.1654
       11      18       -0.6293        0.0001       -0.0035        0.0000       -0.6327
       11      19        0.0992        0.0045       -0.0283        0.0000        0.0753
       11      20        1.0738        0.0000        0.0000        0.0000        1.0738
       11      21        0.2065        0.0000       -0.0008        0.0000        0.2057
       11      22        0.1983        0.0000       -0.0006        0.0000        0.1977
       11      23        0.1831        0.0000       -0.0004        0.0000        0.1827
       11      24        0.2920        0.0003       -0.0062        0.0000        0.2861
       11      25        0.2482        0.0000       -0.0023        0.0000        0.2459
       11      26        0.3872        0.0095       -0.0339        0.0000        0.3629
       12      15       -2.7838        0.0009       -0.0169        0.0000       -2.7997
       12      16        2.3989        0.0004       -0.0099        0.0000        2.3894
       12      17       -1.8218        0.0001       -0.0057        0.0000       -1.8274
       12      18       -0.5830        0.0000       -0.0022        0.0000       -0.5852
       12      19        0.0776        0.0002       -0.0065        0.0000        0.0713
       12      20        0.9544        0.0000        0.0000        0.0000        0.9544
       12      21        0.1940        0.0000       -0.0005        0.0000        0.1934
       12      22        0.1673        0.0000       -0.0002        0.0000        0.1671
       12      23        0.1934        0.0000       -0.0005        0.0000        0.1928
       12      24        0.2870        0.0003       -0.0056        0.0000        0.2817
       12      25        0.2018        0.0000       -0.0007        0.0000        0.2011
       12      26        0.2218        0.0000       -0.0012        0.0000        0.2206
       13      15       -4.0332        0.0765       -0.1559        0.0000       -4.1125
       13      16        3.1365        0.0109       -0.0496        0.0000        3.0978
       13      17       -2.1541        0.0009       -0.0157        0.0000       -2.1689
       13      18       -0.7474        0.0005       -0.0098        0.0000       -0.7566
       13      19        0.0857        0.0008       -0.0118        0.0000        0.0747
       13      20        1.0921        0.0000        0.0000        0.0000        1.0921
       13      21        0.2586        0.0001       -0.0030        0.0000        0.2556
       13      22        0.2062        0.0000       -0.0008        0.0000        0.2054
       13      23        0.2392        0.0000       -0.0019        0.0000        0.2374
       13      24        0.3033        0.0005       -0.0078        0.0000        0.2960
       13      25        0.2124        0.0000       -0.0009        0.0000        0.2115
       13      26        0.2492        0.0000       -0.0024        0.0000        0.2468
       14      15       -4.0025        0.0698       -0.1489        0.0000       -4.0816
       14      16        3.4712        0.0370       -0.0911        0.0000        3.4171
       14      17       -2.6673        0.0112       -0.0565        0.0000       -2.7126
       14      18       -0.7714        0.0008       -0.0118        0.0000       -0.7824
       14      19        0.1140        0.0240       -0.0653        0.0000        0.0726
       14      20        1.3281        0.0000        0.0000        0.0000        1.3281
       14      21        0.2451        0.0000       -0.0022        0.0000        0.2430
       14      22        0.2138        0.0000       -0.0010        0.0000        0.2128
       14      23        0.2560        0.0001       -0.0028        0.0000        0.2532
       14      24        0.4643        0.0844       -0.1006        0.0000        0.4481
       14      25        0.2777        0.0002       -0.0046        0.0000        0.2733
       14      26        0.3046        0.0005       -0.0080        0.0000        0.2972

           Totals      -10.0094        5.4676       -6.5956        0.0000      -11.1374


               Totals for Individual Atoms
                   Atom          Total
                     1          -9.0809
                     4           4.4481
                     5          12.4452
                     6           2.2057
                     7          -0.6149
                     8         -15.6095
                     9          -0.6187
                    10          -0.4823
                    11          -0.9379
                    12          -0.5405
                    13          -1.3206
                    14          -1.0311


                    15         -16.2943
                    16           8.3741
                    17          -5.5094
                    18          -1.6780
                    19          -0.2486
                    20           2.0812
                    21           0.4899
                    22           0.3976
                    23           0.4004
                    24           0.2686
                    25           0.2390
                    26           0.3421
total CPU time(sec)  =      0.5
