



 ********************************************************************************
 ********************************************************************************
 ************************** Gas Phase Optimization of  **************************
 *************************    diethyl sulfide           *************************
 *************************           BOSS  5.1          *************************
 ************************* Linux    Version  Apr  2024  *************************
 ********************************************************************************
 ********************************************************************************




                         Z-Matrix for Reference Solutes


 --------------------------------------------------------------------------------
                   Init.   Final                        Theta           PHI
   I    Symbol     Type    Type   J     R(IJ)     K      IJK      L     IJKL
 --------------------------------------------------------------------------------
    1    X          -1       0    0     0.0000    0     0.0000    0     0.0000
    2    X          -1       0    1     1.0000    0     0.0000    0     0.0000
    3    S         202     202    2     1.0000    1    90.0000    0     0.0000
    4    C         210     210    3     1.8122    2    90.0000    1     0.0000
    5    C         210     210    3     1.8122    4   100.1393    1   180.0000
    6    C          54      54    4     1.5301    3   113.4186    5   180.0000
    7    H          60      60    4     1.0905    3   108.5809    6   122.0854
    8    H          60      60    4     1.0905    3   108.5809    6   237.9146
    9    H          60      60    6     1.0901    4   111.0767    3   180.0000
   10    H          60      60    6     1.0903    4   111.0038    9   239.9589
   11    H          60      60    6     1.0903    4   111.0038    9   120.0411
   12    C          54      54    5     1.5301    3   113.4202    4   180.0000
   13    H          60      60    5     1.0905    3   108.5808   12   237.9146
   14    H          60      60    5     1.0905    3   108.5808   12   122.0854
   15    H          60      60   12     1.0903    5   111.0037    3    59.9594
   16    H          60      60   12     1.0903    5   111.0037   15   240.0811
   17    H          60      60   12     1.0901    5   111.0744   15   120.0406
   18    XS       1024    1024    3     0.7000    4    96.4620    5    97.6479
   19    XS       1024    1024    3     0.7000    4    96.4620    5   -97.6479
 --------------------------------------------------------------------------------
 --------------------------------------------------------------------------------





                       OPLS Force Field Parameters
    Atom         Q            Sigma        Epsilon        Alpha
        1        0.0000        0.0000        0.0000        0.0000      All Solutes    
        2        0.0000        0.0000        0.0000        0.0000      All Solutes    
  S     3        0.1320        3.3430        0.3920        0.0000      All Solutes    
  CT    4        0.0140        3.5000        0.0660        0.0000      All Solutes    
  CT    5        0.0140        3.5000        0.0660        0.0000      All Solutes    
  CT    6       -0.1800        3.5500        0.0660        0.0000      All Solutes    
  HC    7        0.0600        2.4800        0.0260        0.0000      All Solutes    
  HC    8        0.0600        2.4800        0.0260        0.0000      All Solutes    
  HC    9        0.0600        2.4800        0.0260        0.0000      All Solutes    
  HC   10        0.0600        2.4800        0.0260        0.0000      All Solutes    
  HC   11        0.0600        2.4800        0.0260        0.0000      All Solutes    
  CT   12       -0.1800        3.5500        0.0660        0.0000      All Solutes    
  HC   13        0.0600        2.4800        0.0260        0.0000      All Solutes    
  HC   14        0.0600        2.4800        0.0260        0.0000      All Solutes    
  HC   15        0.0600        2.4800        0.0260        0.0000      All Solutes    
  HC   16        0.0600        2.4800        0.0260        0.0000      All Solutes    
  HC   17        0.0600        2.4800        0.0260        0.0000      All Solutes    
  XS   18       -0.2000        0.0000        0.0000        0.0000      All Solutes    
  XS   19       -0.2000        0.0000        0.0000        0.0000      All Solutes    

                      Net Charge
   Reference Solute     0.00000
 1st Perturbed Solute   0.00000
 2nd Perturbed Solute   0.00000



 Dihedral                             Fourier Coefficients
   Angle    Atom  I Type F    V1        V2        V3        V4               Phases          Delta
      1       6   53   53     0.925    -0.576     0.677     0.000      0.00   0.00   0.00    15.0      All Solutes    
      2       7    0    0     0.000     0.000     0.000     0.000      0.00   0.00   0.00     2.0      All Solutes    
      3       8    0    0     0.000     0.000     0.000     0.000      0.00   0.00   0.00     2.0      All Solutes    
      4       9   28   28     0.000     0.000     0.334     0.000      0.00   0.00   0.00    15.0      All Solutes    
      5      10    0    0     0.000     0.000     0.000     0.000      0.00   0.00   0.00     2.0      All Solutes    
      6      11    0    0     0.000     0.000     0.000     0.000      0.00   0.00   0.00     2.0      All Solutes    
      7      12   53   53     0.925    -0.576     0.677     0.000      0.00   0.00   0.00    15.0      All Solutes    
      8      13    0    0     0.000     0.000     0.000     0.000      0.00   0.00   0.00     2.0      All Solutes    
      9      14    0    0     0.000     0.000     0.000     0.000      0.00   0.00   0.00     2.0      All Solutes    
     10      15   28   28     0.000     0.000     0.334     0.000      0.00   0.00   0.00    15.0      All Solutes    
     11      16    0    0     0.000     0.000     0.000     0.000      0.00   0.00   0.00     2.0      All Solutes    
     12      17    0    0     0.000     0.000     0.000     0.000      0.00   0.00   0.00     2.0      All Solutes    
     13      18    0    0     0.000     0.000     0.000     0.000      0.00   0.00   0.00     2.0      All Solutes    
     14      19    0    0     0.000     0.000     0.000     0.000      0.00   0.00   0.00     2.0      All Solutes    
     15       7   51   51     0.000     0.000     0.647     0.000      0.00   0.00   0.00     0.0      All Solutes    
     16       8   51   51     0.000     0.000     0.647     0.000      0.00   0.00   0.00     0.0      All Solutes    
     17       6   20   20     0.000     0.000     0.000     0.000      0.00   0.00   0.00     0.0      All Solutes    
     18       7   20   20     0.000     0.000     0.000     0.000      0.00   0.00   0.00     0.0      All Solutes    
     19       8   20   20     0.000     0.000     0.000     0.000      0.00   0.00   0.00     0.0      All Solutes    
     20       6   20   20     0.000     0.000     0.000     0.000      0.00   0.00   0.00     0.0      All Solutes    
     21       7   20   20     0.000     0.000     0.000     0.000      0.00   0.00   0.00     0.0      All Solutes    
     22       8   20   20     0.000     0.000     0.000     0.000      0.00   0.00   0.00     0.0      All Solutes    
     23      13   51   51     0.000     0.000     0.647     0.000      0.00   0.00   0.00     0.0      All Solutes    
     24      14   51   51     0.000     0.000     0.647     0.000      0.00   0.00   0.00     0.0      All Solutes    
     25      12   20   20     0.000     0.000     0.000     0.000      0.00   0.00   0.00     0.0      All Solutes    
     26      13   20   20     0.000     0.000     0.000     0.000      0.00   0.00   0.00     0.0      All Solutes    
     27      14   20   20     0.000     0.000     0.000     0.000      0.00   0.00   0.00     0.0      All Solutes    
     28      12   20   20     0.000     0.000     0.000     0.000      0.00   0.00   0.00     0.0      All Solutes    
     29      13   20   20     0.000     0.000     0.000     0.000      0.00   0.00   0.00     0.0      All Solutes    
     30      14   20   20     0.000     0.000     0.000     0.000      0.00   0.00   0.00     0.0      All Solutes    
     31      10   28   28     0.000     0.000     0.334     0.000      0.00   0.00   0.00     0.0      All Solutes    
     32      11   28   28     0.000     0.000     0.334     0.000      0.00   0.00   0.00     0.0      All Solutes    
     33       9    1    1     0.000     0.000     0.300     0.000      0.00   0.00   0.00     0.0      All Solutes    
     34      10    1    1     0.000     0.000     0.300     0.000      0.00   0.00   0.00     0.0      All Solutes    
     35      11    1    1     0.000     0.000     0.300     0.000      0.00   0.00   0.00     0.0      All Solutes    
     36       9    1    1     0.000     0.000     0.300     0.000      0.00   0.00   0.00     0.0      All Solutes    
     37      10    1    1     0.000     0.000     0.300     0.000      0.00   0.00   0.00     0.0      All Solutes    
     38      11    1    1     0.000     0.000     0.300     0.000      0.00   0.00   0.00     0.0      All Solutes    
     39      16   28   28     0.000     0.000     0.334     0.000      0.00   0.00   0.00     0.0      All Solutes    
     40      17   28   28     0.000     0.000     0.334     0.000      0.00   0.00   0.00     0.0      All Solutes    
     41      15    1    1     0.000     0.000     0.300     0.000      0.00   0.00   0.00     0.0      All Solutes    
     42      16    1    1     0.000     0.000     0.300     0.000      0.00   0.00   0.00     0.0      All Solutes    
     43      17    1    1     0.000     0.000     0.300     0.000      0.00   0.00   0.00     0.0      All Solutes    
     44      15    1    1     0.000     0.000     0.300     0.000      0.00   0.00   0.00     0.0      All Solutes    
     45      16    1    1     0.000     0.000     0.300     0.000      0.00   0.00   0.00     0.0      All Solutes    
     46      17    1    1     0.000     0.000     0.300     0.000      0.00   0.00   0.00     0.0      All Solutes    

                 Bond Stretching Parameters
  Atom1   Atom2      R0           K0         R1           K1         R2           K2       Delta
    4       3      1.8100      222.00      1.8100      222.00      1.8100      222.00      0.0363     CT-S 
    5       3      1.8100      222.00      1.8100      222.00      1.8100      222.00      0.0363     CT-S 
    6       4      1.5290      268.00      1.5290      268.00      1.5290      268.00      0.0331     CT-CT
    7       4      1.0900      340.00      1.0900      340.00      1.0900      340.00      0.0293     HC-CT
    8       4      1.0900      340.00      1.0900      340.00      1.0900      340.00      0.0293     HC-CT
    9       6      1.0900      340.00      1.0900      340.00      1.0900      340.00      0.0293     HC-CT
   10       6      1.0900      340.00      1.0900      340.00      1.0900      340.00      0.0293     HC-CT
   11       6      1.0900      340.00      1.0900      340.00      1.0900      340.00      0.0293     HC-CT
   12       5      1.5290      268.00      1.5290      268.00      1.5290      268.00      0.0331     CT-CT
   13       5      1.0900      340.00      1.0900      340.00      1.0900      340.00      0.0293     HC-CT
   14       5      1.0900      340.00      1.0900      340.00      1.0900      340.00      0.0293     HC-CT
   15      12      1.0900      340.00      1.0900      340.00      1.0900      340.00      0.0293     HC-CT
   16      12      1.0900      340.00      1.0900      340.00      1.0900      340.00      0.0293     HC-CT
   17      12      1.0900      340.00      1.0900      340.00      1.0900      340.00      0.0293     HC-CT
   18       3      0.7000      600.00      0.7000      600.00      0.7000      600.00      0.0221     XS-S 
   19       3      0.7000      600.00      0.7000      600.00      0.7000      600.00      0.0221     XS-S 

                 Angle Bending Parameters
  Atom1 Atom2 Atom3    A0       K0       A1       K1       A2       K2      Delta
     4     3     5    98.90    62.00    98.90    62.00    98.90    62.00    3.512     CT-S -CT
     3     4     6   114.70    50.00   114.70    50.00   114.70    50.00    3.910     S -CT-CT
     3     4     7   109.50    35.00   109.50    35.00   109.50    35.00    4.674     S -CT-HC
     3     4     8   109.50    35.00   109.50    35.00   109.50    35.00    4.674     S -CT-HC
     4     6     9   110.70    37.50   110.70    37.50   110.70    37.50    4.515     CT-CT-HC
     4     6    10   110.70    37.50   110.70    37.50   110.70    37.50    4.515     CT-CT-HC
     4     6    11   110.70    37.50   110.70    37.50   110.70    37.50    4.515     CT-CT-HC
     3     5    12   114.70    50.00   114.70    50.00   114.70    50.00    3.910     S -CT-CT
     3     5    13   109.50    35.00   109.50    35.00   109.50    35.00    4.674     S -CT-HC
     3     5    14   109.50    35.00   109.50    35.00   109.50    35.00    4.674     S -CT-HC
     5    12    15   110.70    37.50   110.70    37.50   110.70    37.50    4.515     CT-CT-HC
     5    12    16   110.70    37.50   110.70    37.50   110.70    37.50    4.515     CT-CT-HC
     5    12    17   110.70    37.50   110.70    37.50   110.70    37.50    4.515     CT-CT-HC
     4     3    18    96.46   200.00    96.46   200.00    96.46   200.00    1.955     CT-S -XS
     4     3    19    96.46   200.00    96.46   200.00    96.46   200.00    1.955     CT-S -XS
     5     3    18    96.46   200.00    96.46   200.00    96.46   200.00    0.000     CT-S -XS
     5     3    19    96.46   200.00    96.46   200.00    96.46   200.00    0.000     CT-S -XS
    18     3    19   160.00   200.00   160.00   200.00   160.00   200.00    0.000     XS-S -XS
     6     4     7   110.70    37.50   110.70    37.50   110.70    37.50    0.000     CT-CT-HC
     6     4     8   110.70    37.50   110.70    37.50   110.70    37.50    0.000     CT-CT-HC
     7     4     8   107.80    33.00   107.80    33.00   107.80    33.00    0.000     HC-CT-HC
    12     5    13   110.70    37.50   110.70    37.50   110.70    37.50    0.000     CT-CT-HC
    12     5    14   110.70    37.50   110.70    37.50   110.70    37.50    0.000     CT-CT-HC
    13     5    14   107.80    33.00   107.80    33.00   107.80    33.00    0.000     HC-CT-HC
     9     6    10   107.80    33.00   107.80    33.00   107.80    33.00    0.000     HC-CT-HC
     9     6    11   107.80    33.00   107.80    33.00   107.80    33.00    0.000     HC-CT-HC
    10     6    11   107.80    33.00   107.80    33.00   107.80    33.00    0.000     HC-CT-HC
    15    12    16   107.80    33.00   107.80    33.00   107.80    33.00    0.000     HC-CT-HC
    15    12    17   107.80    33.00   107.80    33.00   107.80    33.00    0.000     HC-CT-HC
    16    12    17   107.80    33.00   107.80    33.00   107.80    33.00    0.000     HC-CT-HC

                     Dipole Moment
   Reference Solute     2.16872 D

 Quadrupole Moment:      XX        XY        XZ        YY        YZ        ZZ
   Reference Solute     2.5177    1.0287    0.0000    8.3568    0.0000    0.8661 D-A


 Total Mol. Wt. of Reference Solute =   90.1830




                    Non-bonded Pairs List (Except Inter-solute)


 Atom    1:

 Atom    2:

 Atom    3:    9   10   11   15   16   17

 Atom    4:   12   13   14   15   16   17

 Atom    5:    6    7    8    9   10   11

 Atom    6:   12   13   14   15   16   17   18   19

 Atom    7:    9   10   11   12   13   14   15   16   17   18   19

 Atom    8:    9   10   11   12   13   14   15   16   17   18   19

 Atom    9:   12   13   14   15   16   17   18   19

 Atom   10:   12   13   14   15   16   17   18   19

 Atom   11:   12   13   14   15   16   17   18   19

 Atom   12:   18   19

 Atom   13:   15   16   17   18   19

 Atom   14:   15   16   17   18   19

 Atom   15:   18   19

 Atom   16:   18   19

 Atom   17:   18   19

 Atom   18:

 Atom   19:


Checking for potential problems in the solute Z-matrix file:
          For Bond Between Atoms    3    4: Expected  9 Torsion Terms, Found 13
          For Bond Between Atoms    4    6: Expected  9 Torsion Terms, Found 11
          For Bond Between Atoms    3    5: Expected  9 Torsion Terms, Found 11
          For Bond Between Atoms    5   12: Expected  9 Torsion Terms, Found 11
      4 Potential Problems Found.
 Note - When improper dihedrals are used, excess torsion terms are normal.




                        diethyl sulfide           
                        Sun Jun  2 22:18:42 2024
                            OPLS Potentials


                      Parameters and Coordinates

 NMOL =   0          EDGE =  100.0000  100.0000  100.0000    RCUT =   10.0000
 NACCPT =         0  NRJECT =         0  MXCON =        0    NCON =        0
 T(C) =      0.00    OLD E =  0.00000000D+00    NEW E = -0.60168324D+01
 RDEL =    0.2000    ADEL =   20.0000    VDEL =       0.0    MXS =    2500
 P(ATM) =     0.0    VOLD =   1000000.0  VNEW =   1000000.0  NVCHG =999999
 DIELRF =     1.0    Reaction Field NOT Applied

 Information for the Reference Solute:
 NSCHG=     1        SCUT =   10.0000    ICUT =     0        NCENT =   1    1
 RDELS1=   0.0000    RDELS2=   0.0000    ADELS1=   0.0000    ADELS2=   0.0000
 ESOLD=      0.00    ESONE=      0.00    WIMAX=  0.000000    WKC =  200.00
 EXXOLD=     0.00    EXXNEW=     0.00    DIELEC=   1.0000    CUTOFF E=    0.000
 EPOOLD=     0.00    EPONEW=     0.00    NPOLX =        0    NPOLS =        0
 EBNDOL=   0.0000    EBNDNE=   0.0033    EANGOL=   0.0000    EANGNE=   0.1985
 EDIHOL=   0.0000    EDIHNE=   0.0134    ENBOL=      0.00    ENBNE=     -6.23
 EBCOLD=     0.00    EBCNEW=     0.00    SANEW =     0.00    POLCUT=    10.00

 ESXCUT=    0.000    ESXCT1=    0.000    ESXCT2=    0.000


 1-4 Scale Factors: Coul.=   0.20000D+01 L-J=   0.20000D+01  CUTNB =  100.000

 Reaction Coordinate or Lambda Values for the Reference and Perturbed Solutes:
 RC0  =    0.0000    RC1 =     0.0000    RC2  =    0.0000


 Coordinates and Distances in Angstroms


 Solute 0:   X          Y          Z
    0     0.00000    0.00000    0.00000  X  
    0     1.00000    0.00000    0.00000  X  
   16     1.00000    1.00000    0.00000  S  
    6    -0.81221    1.00000    0.00000  C  
    6     1.31902    2.78390    0.00000  C  
    6    -1.42034   -0.40407    0.00000  C  
    1    -1.15969    1.54907    0.87579  H  
    1    -1.15969    1.54907   -0.87579  H  
    1    -2.50953   -0.35952    0.00000  H  
    1    -1.10808   -0.96519    0.88112  H  
    1    -1.10808   -0.96519   -0.88112  H  
    6     2.80822    3.13541    0.00000  C  
    1     0.83970    3.22262    0.87579  H  
    1     0.83970    3.22262   -0.87579  H  
    1     3.30562    2.72926   -0.88113  H  
    1     3.30562    2.72926    0.88113  H  
    1     2.95604    4.21544    0.00000  H  
    0     1.07878    0.90743    0.68937  XS 
    0     1.07878    0.90743   -0.68937  XS 

 Variable and Additional Bonds
 Atom I      Atom J      RIJ
     4           3       1.8122
     5           3       1.8122
     6           4       1.5301
     7           4       1.0905
     8           4       1.0905
     9           6       1.0901
    10           6       1.0903
    11           6       1.0903
    12           5       1.5301
    13           5       1.0905
    14           5       1.0905
    15          12       1.0903
    16          12       1.0903
    17          12       1.0901
    18           3       0.7000
    19           3       0.7000

 Variable and Additional Angles
 Atom I    J     K      Theta
     4     3     5      100.139
     3     4     6      113.419
     3     4     7      108.581
     3     4     8      108.581
     4     6     9      111.077
     4     6    10      111.004
     4     6    11      111.004
     3     5    12      113.420
     3     5    13      108.581
     3     5    14      108.581
     5    12    15      111.004
     5    12    16      111.004
     5    12    17      111.074
     4     3    18       96.462
     4     3    19       96.462
     5     3    18       96.336
     5     3    19       96.336
    18     3    19      160.000
     6     4     7      109.595
     6     4     8      109.595
     7     4     8      106.853
    12     5    13      109.595
    12     5    14      109.595
    13     5    14      106.853
     9     6    10      107.890
     9     6    11      107.890
    10     6    11      107.831
    15    12    16      107.832
    15    12    17      107.891
    16    12    17      107.891

    Surface Area and Volume with Solvent Radius = 1.40
 Atom    Radius      Access. Area   Access. Vol.  Solute
   1     0.000          0.000          0.000         1
   2     0.000          0.000          0.000         1
   3     1.876         30.407         52.341         1
   4     1.964          3.031         22.533         1
   5     1.964          3.031         22.532         1
   6     1.992         18.007         40.774         1
   7     1.392         19.882         23.808         1
   8     1.392         19.882         23.808         1
   9     1.392         26.892         28.695         1
  10     1.392         24.954         27.363         1
  11     1.392         24.954         27.363         1
  12     1.992         18.008         40.774         1
  13     1.392         19.882         23.808         1
  14     1.392         19.882         23.808         1
  15     1.392         24.954         27.363         1
  16     1.392         24.954         27.363         1
  17     1.392         26.891         28.695         1
  18     0.000          0.000          0.000         1
  19     0.000          0.000          0.000         1

 Total Solvent Accessible Surface Area =   305.61
       Total Solvent Accessible Volume =   441.03

  Type            Area          Volume
 Hydrophobic      275.204        388.687
 Hydrophilic        0.000          0.000
 Aromatic           0.000          0.000
 Weakly Polar      30.407         52.341

 Initial Random Number =0.90977929
 +-------------------------------------------------+
 |   Optimization Cycle =   1                      |
 +-------------------------------------------------+
   Etotal =      -6.03384




                         Z-Matrix for Reference Solutes


 --------------------------------------------------------------------------------
                   Init.   Final                        Theta           PHI
   I    Symbol     Type    Type   J     R(IJ)     K      IJK      L     IJKL
 --------------------------------------------------------------------------------
    1    X          -1       0    0     0.0000    0     0.0000    0     0.0000
    2    X          -1       0    1     1.0000    0     0.0000    0     0.0000
    3    S         202     202    2     1.0000    1    90.0000    0     0.0000
    4    C         210     210    3     1.8097    2    90.0000    1     0.0000
    5    C         210     210    3     1.8097    4    99.9863    1   180.0000
    6    C          54      54    4     1.5299    3   113.4398    5   179.9956
    7    H          60      60    4     1.0899    3   108.3381    6   122.0990
    8    H          60      60    4     1.0899    3   108.3386    6   237.9013
    9    H          60      60    6     1.0897    4   111.1923    3   179.9998
   10    H          60      60    6     1.0900    4   110.7129    9   239.7544
   11    H          60      60    6     1.0900    4   110.7130    9   120.2457
   12    C          54      54    5     1.5299    3   113.4402    4   179.9980
   13    H          60      60    5     1.0899    3   108.3381   12   237.9005
   14    H          60      60    5     1.0899    3   108.3385   12   122.0989
   15    H          60      60   12     1.0900    5   110.7112    3    59.7551
   16    H          60      60   12     1.0900    5   110.7131   15   240.4902
   17    H          60      60   12     1.0897    5   111.1913   15   120.2449
   18    XS       1024    1024    3     0.6996    4    96.4042    5    97.6873
   19    XS       1024    1024    3     0.6996    4    96.4044    5   262.3126
 --------------------------------------------------------------------------------
 --------------------------------------------------------------------------------
 +-------------------------------------------------+
 |   Optimization Cycle =   2                      |
 +-------------------------------------------------+

          RESULTS OF SOLUTE OPTIMIZATION

 Optimization procedure: BFGS                

 No. Iterations =    2     Tolerance =  0.000100 kcal/mol
 No. Variables  =   45

 Energy components:
     Bond stretching energy  =       0.00067
     Angle bending energy    =       0.19346
     Torsional energy        =       0.01226
     Intrasolute non-bonded  =      -6.24023
     Intersolute non-bonded  =       0.00000
     Polarization energy     =       0.00000
     Bond constraints energy =       0.00000
     Total Energy            =      -6.03384

 Final Dipole Moment =    2.1644 D

 Optimized energy =      -6.03384 kcal/mol

 Final Z-Matrix:




                         Z-Matrix for Reference Solutes


 --------------------------------------------------------------------------------
                   Init.   Final                        Theta           PHI
   I    Symbol     Type    Type   J     R(IJ)     K      IJK      L     IJKL
 --------------------------------------------------------------------------------
    1    X          -1       0    0     0.0000    0     0.0000    0     0.0000
    2    X          -1       0    1     1.0000    0     0.0000    0     0.0000
    3    S         202     202    2     1.0000    1    90.0000    0     0.0000
    4    C         210     210    3     1.8097    2    90.0000    1     0.0000
    5    C         210     210    3     1.8097    4    99.9863    1   180.0000
    6    C          54      54    4     1.5299    3   113.4398    5   179.9956
    7    H          60      60    4     1.0899    3   108.3381    6   122.0990
    8    H          60      60    4     1.0899    3   108.3386    6   237.9013
    9    H          60      60    6     1.0897    4   111.1923    3   179.9998
   10    H          60      60    6     1.0900    4   110.7129    9   239.7544
   11    H          60      60    6     1.0900    4   110.7130    9   120.2457
   12    C          54      54    5     1.5299    3   113.4402    4   179.9980
   13    H          60      60    5     1.0899    3   108.3381   12   237.9005
   14    H          60      60    5     1.0899    3   108.3385   12   122.0989
   15    H          60      60   12     1.0900    5   110.7112    3    59.7551
   16    H          60      60   12     1.0900    5   110.7131   15   240.4902
   17    H          60      60   12     1.0897    5   111.1913   15   120.2449
   18    XS       1024    1024    3     0.6996    4    96.4042    5    97.6873
   19    XS       1024    1024    3     0.6996    4    96.4044    5   262.3126
 --------------------------------------------------------------------------------
 --------------------------------------------------------------------------------
total CPU time(sec)  =      0.5
